-8.256073884108192 -8.185911876591915 -7.681207698844512 -7.518273714767503 -7.24378574224612 -7.0872969882989745 -6.78694289988466 -6.740400703151339 -6.708101590587143 -6.5351323202120986
-7.9211414041198465 -7.8184084461754 -7.440413623333608 -7.319366155703956 -7.078439443576586 -6.986169527352783 -6.71026268273479 -6.670495872865572 -6.616885799607656 -6.435963187730691
-7.519385855579045 -7.545967538937508 -7.548621420265991 -7.422685266412066 -7.29603817210578 -7.150206641497186 -7.003255712930365 -6.9245667750051645 -6.783435542366454 -6.71208657542292
-7.6166624407503285 -7.46679410886702 -7.403704128910633 -7.0841023950344715 -7.071478686061299 -7.060603520776835 -6.731775865454737 -6.646931784722736 -6.558611470861953 -6.553943527805971
-8.056200007923664 -7.618845824441859 -7.543979185750146 -7.191540540962771 -7.021397278209636 -6.918487905880076 -6.764103309098329 -6.678388792370812 -6.544697143815158 -6.441663674257378
-8.164187037578532 -7.542427761686566 -7.174319483803188 -7.003568154677927 -6.967222299615768 -6.751847792834166 -6.621445800371217 -6.551973373193466 -6.422509730275981 -6.370074996641795
-7.694430900757896 -7.6204765028763966 -7.538526619768429 -7.350310373501506 -6.969561708662337 -6.848950857263895 -6.859038313658628 -6.657009886827215 -6.554535108325254 -6.544749476941266
-7.3862702234508735 -7.377684843216739 -7.294429419976207 -7.156562279508255 -7.045665330201417 -6.759424685530981 -6.722927390104226 -6.6870100625723445 -6.67009207478138 -6.561850073406575
-7.694430900757801 -7.6204765028763495 -7.538526619768385 -7.350310373501436 -6.969561708662275 -6.859038313658635 -6.848950857263915 -6.657009886827236 -6.554535108325229 -6.544749476941201
-8.164187037578527 -7.542427761686565 -7.174319483803194 -7.003568154677895 -6.96722229961577 -6.751847792834202 -6.621445800371155 -6.551973373193448 -6.422509730275928 -6.370074996641695
-8.05620000792366 -7.618845824441835 -7.543979185750118 -7.191540540962754 -7.021397278209657 -6.918487905880056 -6.764103309098237 -6.678388792370782 -6.544697143815148 -6.441663674257341
-7.616662440750382 -7.46679410886703 -7.403704128910648 -7.084102395034426 -7.07147868606129 -7.0606035207768345 -6.7317758654547095 -6.6469317847227 -6.5539435278059495 -6.558611470861974
-7.519385855579033 -7.548621420266 -7.545967538937492 -7.422685266412096 -7.296038172105799 -7.150206641497148 -7.003255712930331 -6.924566775005155 -6.783435542366443 -6.71208657542289
-7.921141404119864 -7.818408446175454 -7.440413623333654 -7.3193661557039436 -7.078439443576579 -6.986169527352837 -6.710262682734784 -6.670495872865534 -6.61688579960764 -6.435963187730684
