-16.785440125159717 -16.721304555662623 -16.44982139066401
-16.425143564351437 -16.365537475564462 -16.098515129441417
-16.089641821366243 -16.082780665115198 -16.041162354964264
-15.805886220743217 -15.776999712741612 -15.775330094414079
-15.615960713384194 -15.614529752952823 -15.542607964479675
-15.594329455891168 -15.578027107320692 -15.470973240086025
-15.723120143734503 -15.714058621421517 -15.647773771220642
-15.972118203659008 -15.964960510144058 -15.93499640798175
-16.296762514435066 -16.27634855095958 -16.091498109477786
-16.6227892595788 -16.2260775210171 -15.936747010533155
-16.556318243187107 -16.278097983938682 -16.154601033589284
-16.214862243602937 -16.113791331035998 -15.949769135050044
-15.918119175778362 -15.863370108281075 -15.829186198847667
-15.70494311076539 -15.578215741120587 -15.556575065981322
-15.624552092245695 -15.461252942869613 -15.421010565627832
-15.704943110765388 -15.57821574112068 -15.556575065981363
-15.918119175778386 -15.863370108281162 -15.829186198847754
-16.214862243602834 -16.113791331035962 -15.94976913504994
-16.556318243187146 -16.278097983938803 -16.15460103358932
-16.62278925957877 -16.226077521017125 -15.936747010533134
-16.296762514435112 -16.276348550959828 -16.09149810947795
-15.972118203658994 -15.964960510144067 -15.934996407981746
-15.723120143734395 -15.714058621421362 -15.647773771220741
-15.594329455891248 -15.578027107320873 -15.47097324008602
-15.615960713384066 -15.61452975295252 -15.54260796447971
-15.805886220743226 -15.776999712741707 -15.775330094413814
-16.089641821366293 -16.08278066511488 -16.041162354964094
-16.425143564351497 -16.365537475564643 -16.098515129441445
