-9.437298557892744 -9.396501392082863 -8.988907637519768 -8.8638131751474 -8.521092126691627 -8.489739751074012 -8.211575954366472 -8.113249075498645 -8.096761352917957 -7.960147215853556
-9.149122481767906 -9.072064343178033 -8.763801657497071 -8.540178960650278 -8.380444685311097 -8.276156179665312 -8.251126058440894 -8.131260249257595 -8.041671420462029 -7.9688820341588595
-8.852967775356982 -8.80916850982112 -8.792553182826463 -8.742576652899889 -8.55895729118308 -8.41884291150546 -8.389858462288203 -8.301743175657856 -8.192373196720661 -8.143785601389443
-8.750309918798362 -8.72902154726215 -8.627124276070058 -8.550182190675608 -8.372386362817414 -8.356581815041151 -8.29054419861657 -8.1401318195503 -8.12735917604034 -7.953756834291061
-8.961652239005883 -8.958048467426988 -8.827259616255333 -8.608843872320794 -8.419058898253727 -8.320320395013503 -8.18869098799447 -8.095822517014886 -8.034151623684783 -8.023725473734546
-9.355373253152672 -8.89012954342387 -8.546438798119931 -8.387834059509704 -8.238545286755793 -8.224154799576787 -8.07132083461642 -8.039806351104657 -7.893089814733959 -7.87494927939075
-9.293051871474868 -8.944550163116965 -8.927258609627374 -8.508972066648761 -8.293247694452939 -8.156621799543416 -8.06682461035278 -8.01902816382847 -7.98472765843644 -7.962215992982277
-8.858130012788896 -8.753666300650282 -8.663456975882587 -8.525332380912431 -8.290179789190935 -8.173884805632177 -8.158770070673711 -8.052087665226686 -7.952525922307864 -7.875182125526371
-8.693296514512806 -8.687932894691288 -8.629016982644595 -8.623194786728648 -8.433846725608495 -8.427500164968412 -8.299175673798612 -8.175938203075805 -8.070694848289783 -8.055355838912932
-8.85813001278901 -8.753666300650263 -8.66345697588254 -8.52533238091252 -8.290179789190883 -8.173884805632161 -8.158770070673748 -8.052087665226619 -7.952525922307803 -7.8751821255264325
-9.293051871474852 -8.944550163116858 -8.927258609627307 -8.508972066648681 -8.293247694453 -8.156621799543416 -8.066824610352652 -8.01902816382846 -7.984727658436429 -7.9622159929822285
-9.355373253152697 -8.89012954342394 -8.546438798120054 -8.387834059509828 -8.238545286755791 -8.224154799576754 -8.071320834616385 -8.039806351104685 -7.893089814733992 -7.8749492793907345
-8.958048467427021 -8.961652239005891 -8.827259616255324 -8.60884387232083 -8.419058898253672 -8.320320395013546 -8.18869098799441 -8.095822517014827 -8.034151623684723 -8.023725473734553
-8.750309918798331 -8.729021547262164 -8.627124276070097 -8.550182190675669 -8.372386362817442 -8.3565818150411 -8.29054419861657 -8.14013181955033 -8.127359176040425 -7.953756834290933
-8.852967775356904 -8.809168509821058 -8.792553182826392 -8.742576652899873 -8.558957291183074 -8.418842911505463 -8.389858462288121 -8.301743175657919 -8.192373196720673 -8.143785601389386
-9.14912248176789 -9.072064343178038 -8.76380165749705 -8.540178960650262 -8.380444685311078 -8.276156179665284 -8.25112605844086 -8.131260249257553 -8.04167142046211 -7.968882034158821
