-8.256073884108165 -8.185911876591854 -7.681207698844484
-7.921141404119831 -7.818408446175378 -7.440413623333665
-7.548621420266059 -7.545967538937536 -7.519385855579035
-7.616662440750334 -7.466794108866993 -7.4037041289105705
-8.056200007923595 -7.618845824441764 -7.5439791857500405
-8.164187037578486 -7.542427761686498 -7.1743194838031155
-7.694430900757851 -7.620476502876392 -7.538526619768397
-7.386270223450873 -7.377684843216742 -7.294429419976272
-7.694430900757839 -7.620476502876402 -7.538526619768461
-8.16418703757847 -7.542427761686499 -7.174319483803116
-8.056200007923575 -7.618845824441735 -7.543979185750056
-7.616662440750367 -7.4667941088670355 -7.403704128910615
-7.548621420266035 -7.545967538937556 -7.519385855579039
-7.921141404119823 -7.818408446175353 -7.440413623333721
