-13.015825563247656 -12.98952588983065 -12.76307698064504
-12.820464936165166 -12.783298779078946 -12.469385648798156
-12.617852128281564 -12.59947902118487 -12.585010872008361
-12.390645150425957 -12.354163139302333 -12.329251257735683
-12.327232280590673 -12.320927088503062 -12.2890583147371
-12.541183648813616 -12.489669179953442 -12.37844868562157
-12.72927683813715 -12.699042234575877 -12.697697315594455
-12.958812861847505 -12.728729202767983 -12.382575276844351
-12.923697786111541 -12.747182784410864 -12.746265699330642
-12.67344329550939 -12.622936054082757 -12.386109718845818
-12.484832204072916 -12.468680081228843 -12.399030837161826
-12.267074499412205 -12.2670730867157 -12.243175950167897
-12.48483220407292 -12.468680081228719 -12.399030837161707
-12.673443295509365 -12.622936054082706 -12.386109718845773
-12.923697786111548 -12.747182784410846 -12.746265699330564
-12.95881286184746 -12.728729202767958 -12.382575276844326
-12.729276838137151 -12.699042234575908 -12.697697315594546
-12.541183648813728 -12.48966917995351 -12.37844868562159
-12.327232280590447 -12.320927088502446 -12.289058314737096
-12.390645150425902 -12.35416313930227 -12.329251257735605
-12.617852128281639 -12.5994790211849 -12.585010872008358
-12.820464936165237 -12.783298779079024 -12.469385648798118
