-14.537872840342072 -14.421174501848064 -14.226913905719988 -13.910883626909323 -13.67763242706644 -13.553118653947633 -13.432260319487828 -13.375002430583882 -13.099640580839928 -13.063290290203646
-14.090271891972817 -13.971829683036342 -13.80517990363781 -13.499554235325276 -13.277906333707865 -13.273809417336953 -13.206325579673557 -13.183937291339674 -13.063505328267606 -13.026919917891213
-13.706242254926115 -13.695622546239413 -13.630841093170675 -13.593289326161242 -13.451148371741365 -13.29637448414216 -13.167381570577938 -13.082275864324995 -13.062931460401632 -12.995997862225035
-13.39489660752696 -13.386482859561553 -13.363272139639209 -13.298144422678325 -13.301430208495109 -13.20332272286698 -13.193545524670387 -13.057076891267082 -12.971506339903424 -12.947190122060327
-13.544967446424932 -13.260448177471847 -13.163913490897606 -13.12054832270974 -13.032171943814758 -13.009088764971384 -13.018108482346069 -12.969063268558463 -12.966622689089016 -12.895633296997762
-13.37972329538594 -13.168577087070314 -13.166584287150531 -13.104789842284173 -13.016949171686273 -12.977621961193064 -12.90862264758123 -12.85678129288053 -12.824987192050665 -12.820001949624757
-13.673812661475194 -13.360614454632158 -13.271497095598317 -13.270568416300566 -13.228326987100427 -13.043431248554366 -12.988629357003504 -12.948220848233253 -12.932013458757249 -12.939160713440799
-13.680621214661517 -13.597650585814248 -13.526478919163646 -13.294647983442996 -13.28355184013872 -13.142891597192078 -13.110286967034309 -13.005158353700565 -12.915452333264266 -12.868774025424102
-14.074058291420112 -13.895585966413677 -13.456345952861751 -13.418488927097039 -13.269857911542129 -13.179778604881761 -13.153244894467756 -13.100043226864937 -12.94987687464304 -12.906818262451905
-14.299471295665494 -13.842959762617559 -13.522048775689708 -13.493795762640652 -13.078810550118313 -13.064723631940366 -13.028295200441091 -12.92872805740468 -12.904139588947038 -12.843247544965537
-14.130602182323333 -13.925560364469153 -13.465415218959071 -13.295523474872125 -13.221264863197565 -13.187461855473709 -13.147589275772857 -12.93252235303659 -12.830304420305628 -12.828699877617177
-13.776597660988074 -13.659917695375015 -13.596042996180577 -13.364184252851384 -13.20804474476658 -13.116752556892724 -13.077375543721296 -13.015675494997257 -12.93992977878484 -12.917205234858157
-13.616467219379325 -13.513482290671664 -13.348038841390125 -13.35222560963949 -13.323397690271985 -13.219660811827781 -13.157720860436964 -13.095268955932706 -13.06109443803472 -13.020971858003815
-13.776597660988022 -13.659917695374928 -13.596042996180449 -13.364184252851558 -13.20804474476655 -13.116752556892566 -13.07737554372087 -13.01567549499717 -12.939929778784762 -12.917205234858086
-14.13060218232341 -13.92556036446917 -13.465415218959153 -13.295523474872224 -13.221264863197392 -13.18746185547386 -13.147589275773287 -12.932522353036605 -12.83030442030581 -12.828699877617275
-14.299471295665535 -13.84295976261749 -13.52204877568947 -13.493795762640593 -13.078810550118643 -13.064723631940591 -13.028295200441063 -12.928728057404548 -12.90413958894695 -12.8432475449656
-14.074058291420089 -13.895585966413705 -13.456345952861946 -13.418488927097078 -13.269857911541894 -13.179778604881816 -13.153244894467745 -13.100043226864985 -12.949876874643076 -12.906818262452052
-13.68062121466153 -13.597650585814199 -13.526478919163493 -13.294647983443 -13.283551840138704 -13.142891597192104 -13.110286967034316 -13.005158353700518 -12.915452333264135 -12.86877402542409
-13.673812661475147 -13.36061445463214 -13.271497095598377 -13.270568416300561 -13.228326987100312 -13.043431248554342 -12.98862935700342 -12.948220848233264 -12.93916071344065 -12.932013458757257
-13.379723295385958 -13.16658428715072 -13.168577087070247 -13.104789842284362 -13.01694917168646 -12.977621961193107 -12.908622647581433 -12.856781292880683 -12.824987192050674 -12.820001949624663
-13.544967446424845 -13.260448177471641 -13.163913490897583 -13.120548322709665 -13.032171943814799 -13.018108482346056 -13.009088764971318 -12.966622689088993 -12.969063268558479 -12.895633296997678
-13.39489660752691 -13.3864828595615 -13.363272139639172 -13.298144422678167 -13.301430208495054 -13.203322722866968 -13.193545524670519 -13.05707689126724 -12.971506339903497 -12.947190122060357
-13.706242254926146 -13.695622546239484 -13.630841093170636 -13.593289326161269 -13.451148371741352 -13.296374484142214 -13.167381570578085 -13.08227586432499 -13.062931460401588 -12.99599786222504
-14.09027189197266 -13.971829683036212 -13.805179903637834 -13.499554235325247 -13.277906333707765 -13.27380941733688 -13.206325579673495 -13.18393729133962 -13.063505328267556 -13.026919917891103
