-14.232737777805676 -14.137666755014314 -14.032928995247032
-14.051787236734354 -13.964909944667784 -13.771117763609665
-13.858975720178222 -13.844634056273897 -13.806962397652365
-13.646491742973112 -13.574997880258332 -13.565340369819909
-13.483708936341019 -13.467117153527374 -13.447031856208113
-13.637484918663377 -13.6006249863817 -13.553993402056655
-13.845949541711352 -13.818224713925114 -13.817414183177323
-14.014880410230553 -13.977857984912315 -13.573688845613098
-14.183850104018312 -13.999699999755338 -13.948920117017746
-14.046203247130642 -13.977599780532966 -13.606076257198733
-13.827509382370128 -13.825259290795287 -13.823890312909517
-13.64322878208882 -13.609032423588522 -13.526368262853861
-13.44871988098334 -13.448104533422342 -13.44261318850293
-13.643228782088665 -13.609032423588385 -13.526368262854005
-13.827509382370126 -13.825259290795305 -13.823890312909523
-14.046203247130721 -13.977599780533007 -13.606076257198792
-14.183850104018317 -13.999699999755244 -13.948920117017865
-14.014880410230713 -13.97785798491252 -13.573688845613287
-13.845949541711441 -13.818224713925146 -13.81741418317733
-13.637484918663585 -13.600624986381739 -13.553993402056475
-13.483708936340994 -13.467117153527042 -13.447031856208046
-13.646491742973181 -13.574997880258081 -13.565340369819747
-13.8589757201785 -13.844634056274149 -13.806962397652352
-14.051787236734501 -13.964909944667987 -13.771117763609674
