-7.261211754557256 -6.891553733635051 -6.6599702949918065
-6.444617284151772 -6.160029797128005 -5.899021563175465
-6.024807880794877 -5.847800698391503 -5.75658828759537
-6.444617284151753 -6.160029797128009 -5.5169586676288285
-6.891553733635079 -5.890552309516318 -5.882669084408181
-6.44461728415175 -6.160029797128043 -5.3944096299592985
-6.024807880794887 -5.847800698391469 -5.584012661949364
-6.4446172841517315 -6.1600297971280025 -5.394409629959311
-6.8915537336350665 -5.890552309516332 -5.882669084408194
-6.444617284151723 -6.160029797128 -5.516958667628828
-6.024807880794889 -5.847800698391542 -5.756588287595347
-6.444617284151739 -6.160029797127993 -5.899021563175448
