-13.192451321594435 -13.110651717777303 -12.76337438130276
-12.735474921864594 -12.662316378376278 -12.326676543873106
-12.32874460994803 -12.30979963609052 -12.2793283184316
-12.039520757198265 -12.030748651872184 -11.964634912574104
-11.998889688315815 -11.979733267373156 -11.85114017476214
-12.198622162518054 -12.195161010590285 -12.132842229021131
-12.574445320890831 -12.55456515768137 -12.324117990239358
-12.986688221110573 -12.489178389805232 -12.128168869603028
-12.902202611030958 -12.552465009513005 -12.399849120978162
-12.482462042955746 -12.343773040569756 -12.15643736579038
-12.162533334290854 -12.041841818277836 -12.001697610790425
-12.035513144248425 -11.82790092961916 -11.777662743703948
-12.162533334290826 -12.041841818277838 -12.001697610790407
-12.482462042955722 -12.343773040569703 -12.156437365790454
-12.902202611030923 -12.552465009513035 -12.399849120978208
-12.98668822111053 -12.48917838980531 -12.128168869603018
-12.574445320890781 -12.55456515768134 -12.32411799023939
-12.19862216251809 -12.195161010590276 -12.132842229021163
-11.99888968831568 -11.97973326737295 -11.851140174762202
-12.039520757198517 -12.030748651872571 -11.964634912574075
-12.328744609948082 -12.30979963609056 -12.279328318431666
-12.735474921864618 -12.662316378376307 -12.326676543873049