-8.87498147633167 -8.739865674499535 -8.420029594576592
-8.56492544006633 -8.3286888155882 -8.278537577538813
-8.217551204874443 -8.187321516319605 -8.141026324866676
-8.197498892633183 -8.093514748722898 -8.005125076855695
-8.515251561564767 -8.317624812393538 -7.866230826067145
-8.793370525806672 -8.270359521215044 -8.178704388906736
-8.535959444159783 -8.305482664776019 -7.9054446275633286
-8.129625862546732 -8.075139072022955 -8.069889650287582
-8.129625862546732 -8.07513907202293 -8.069889650287562
-8.53595944415971 -8.305482664775964 -7.905444627563292
-8.793370525806662 -8.27035952121504 -8.178704388906691
-8.51525156156484 -8.317624812393555 -7.866230826067191
-8.197498892633131 -8.093514748722836 -8.00512507685557
-8.217551204874512 -8.187321516319646 -8.1410263248667
-8.564925440066363 -8.328688815588194 -8.278537577538815
