-9.601005355759284 -9.488210638117566 -9.00813679541846
-8.978238129118116 -8.886667880532272 -8.443108394328172
-8.490951360544647 -8.46288372674224 -8.42612777851328
-8.405825260302612 -8.382686815448858 -8.229880165568076
-8.766956323571362 -8.755005912673894 -8.449273882174923
-9.320758391335671 -8.657125601917251 -8.183460340345745
-9.205827759319053 -8.735682564386817 -8.53640325475529
-8.68011140924716 -8.456870686210133 -8.258432402118661
-8.451369439262963 -8.16637168244706 -8.11926644050061
-8.68011140924712 -8.456870686210076 -8.258432402118663
-9.205827759319057 -8.73568256438687 -8.5364032547553
-9.32075839133565 -8.657125601917294 -8.183460340345778
-8.766956323571474 -8.755005912674031 -8.449273882174925
-8.405825260302656 -8.38268681544891 -8.229880165568057
-8.49095136054469 -8.462883726742456 -8.426127778513376
-8.97823812911815 -8.886667880532304 -8.44310839432816
