-12.085104100577176 -12.064220686151838 -11.583685073193504 -11.555120903953904 -11.040038490295457 -11.03133943072029 -10.570293429852422 -10.552456902835008 -10.59910189031394 -10.59872653098303
-11.533315867052886 -11.55156775254817 -11.079640584763784 -11.073843514290573 -10.635332661391823 -10.620519587915597 -10.590883635071137 -10.569773278813093 -10.245246225694023 -10.219669315698326
-11.123006769533276 -11.079202514685683 -11.0975181852366 -11.105485976798223 -10.808504119144372 -10.704399103488106 -10.562429168059374 -10.527736359957522 -10.433721516736483 -10.42088857269121
-10.917803944488098 -10.776718022900544 -10.768622720623748 -10.717512307053438 -10.643468792240986 -10.640348648799623 -10.497594059960907 -10.397458989445905 -10.26880535652368 -10.244534979538303
-11.108493036706344 -10.71788216311273 -10.68584215023518 -10.555485909029759 -10.527198445773859 -10.48417711952427 -10.43207877881391 -10.405784993514986 -10.32311170137553 -10.293263351117972
-10.915307541840239 -10.893628407462472 -10.834613553748321 -10.67721837671923 -10.640759436678215 -10.621538685201408 -10.356231119925614 -10.354555609809355 -10.34013028919603 -10.317056800329027
-11.293863053632116 -11.300532331472645 -11.02102746526802 -10.919918483837174 -10.723894140029563 -10.515569689928393 -10.40038972666067 -10.318733128107189 -10.261097697819425 -10.24675026885029
-11.769475101649626 -11.348773634514528 -10.886767937019245 -10.738841164892296 -10.594293730431534 -10.469291620991429 -10.446784487460455 -10.310547461846463 -10.306340796934807 -10.208570688814124
-11.804579674688856 -11.355863232951902 -10.913161838768469 -10.76773601989398 -10.518306938247346 -10.489059999126727 -10.483267790660255 -10.3562096497325 -10.322852047681675 -10.309376353892715
-11.36905785598982 -11.382966672635453 -10.9668718272835 -10.775091195228422 -10.681793494010547 -10.549981702537218 -10.478715141014437 -10.410633478592143 -10.313105846412311 -10.278980109096038
-11.192127660942903 -11.107327667522645 -10.888703670257987 -10.887675411317352 -10.773047257690976 -10.591626235323968 -10.483626165321835 -10.461125838168469 -10.424168828516235 -10.375368488453761
-11.382966672635332 -11.369057855989915 -10.96687182728347 -10.775091195228287 -10.681793494010465 -10.549981702537144 -10.478715141014167 -10.41063347859211 -10.313105846412293 -10.278980109096079
-11.804579674688881 -11.355863232951926 -10.913161838768486 -10.767736019893894 -10.5183069382472 -10.489059999126672 -10.483267790660191 -10.356209649732412 -10.322852047681637 -10.309376353892663
-11.769475101649567 -11.34877363451445 -10.886767937019055 -10.738841164892222 -10.594293730431588 -10.469291620991473 -10.446784487460373 -10.30634079693481 -10.310547461846431 -10.20857068881413
-11.300532331472574 -11.293863053632313 -11.021027465268064 -10.91991848383716 -10.723894140029682 -10.5155696899285 -10.4003897266607 -10.318733128107276 -10.26109769781939 -10.246750268850278
-10.915307541840278 -10.89362840746247 -10.834613553748373 -10.677218376719232 -10.640759436678238 -10.621538685201442 -10.317056800328967 -10.356231119925528 -10.354555609809319 -10.34013028919605
-11.108493036706337 -10.717882163112698 -10.685842150235176 -10.555485909029752 -10.527198445774005 -10.484177119524432 -10.432078778813953 -10.405784993515075 -10.323111701375502 -10.293263351117908
-10.917803944488002 -10.776718022900694 -10.768622720623739 -10.717512307053571 -10.643468792241134 -10.640348648799744 -10.49759405996094 -10.397458989445823 -10.268805356523663 -10.244534979538182
-11.123006769533273 -11.10548597679817 -11.097518185236614 -11.079202514685688 -10.808504119144414 -10.704399103488049 -10.5624291680593 -10.527736359957526 -10.433721516736586 -10.420888572691194
-11.551567752547996 -11.533315867052995 -11.07384351429067 -11.079640584763691 -10.63533266139182 -10.620519587915618 -10.590883635071094 -10.569773278813148 -10.245246225694068 -10.219669315698342
