-12.387636165766112 -12.317137477743316 -11.960139553742488
-12.111502156300801 -12.018368480938937 -11.704476574615692
-11.858370202584997 -11.784502340993557 -11.755455702722147
-11.716384648797856 -11.618799070786098 -11.608600762653627
-11.898835944686516 -11.786025063726829 -11.631243884517817
-12.220265053049255 -11.951611582863057 -11.520237050941937
-12.311852971781894 -11.924904148996585 -11.601895168820208
-11.98738938174169 -11.907176438719812 -11.55936623710729
-11.990257445104428 -11.752418356794143 -11.626985184985715
-11.653804401760363 -11.532761430298764 -11.425995907930327
-11.911488870460772 -11.910901558199702 -11.325797233883607
-11.65380440176035 -11.532761430298665 -11.425995907930082
-11.990257445104412 -11.752418356794154 -11.626985184985715
-11.98738938174168 -11.907176438719768 -11.559366237107316
-12.311852971781867 -11.924904148996621 -11.601895168820095
-12.220265053049253 -11.951611582863125 -11.520237050941983
-11.898835944686724 -11.786025063726925 -11.631243884517854
-11.716384648797872 -11.618799070786254 -11.608600762653772
-11.858370202584984 -11.784502340993438 -11.755455702721992
-12.11150215630077 -12.018368480938934 -11.704476574615681
