-12.085104100577148 -12.064220686151804 -11.583685073193452 -11.555120903953851
-11.551567752548033 -11.533315867052885 -11.079640584763618 -11.073843514290498
-11.123006769533273 -11.105485976798175 -11.09751818523659 -11.079202514685674
-10.917803944487838 -10.776718022900498 -10.768622720623775 -10.717512307053685
-11.108493036706253 -10.717882163112733 -10.685842150235105 -10.555485909029844
-10.915307541840377 -10.893628407462774 -10.834613553748515 -10.677218376719399
-11.300532331472592 -11.293863053632121 -11.021027465267982 -10.91991848383702
-11.76947510164958 -11.34877363451445 -10.886767937019151 -10.7388411648923
-11.804579674688846 -11.355863232951801 -10.913161838768412 -10.767736019893858
-11.382966672635385 -11.369057855989805 -10.966871827283338 -10.77509119522836
-11.192127660942967 -11.10732766752259 -10.888703670258042 -10.887675411317437
-11.382966672635243 -11.369057855989844 -10.966871827283361 -10.775091195228452
-11.804579674688796 -11.355863232951782 -10.913161838768422 -10.767736019893873
-11.76947510164954 -11.348773634514405 -10.886767937019039 -10.738841164892207
-11.300532331472633 -11.293863053632311 -11.021027465267947 -10.919918483837009
-10.91530754184035 -10.893628407462574 -10.834613553748381 -10.677218376719468
-11.10849303670625 -10.717882163112717 -10.685842150235047 -10.555485909029851
-10.917803944487884 -10.776718022900521 -10.768622720623778 -10.717512307053596
-11.123006769533248 -11.105485976798153 -11.097518185236618 -11.079202514685699
-11.551567752548019 -11.53331586705294 -11.079640584763627 -11.073843514290534
