-10.914528431893954 -10.78852676011589 -10.452123169668662 -10.15077749550058 -9.734447681927143 -9.667506447763362 -9.366823954719083 -9.346465385779874 -9.143002140182627 -9.074263998873523
-10.323377128167085 -10.204355239288276 -9.898307288226407 -9.642839196717004 -9.288726211905805 -9.257468423951643 -9.210812355420027 -9.197287371572964 -8.863824415294333 -8.844212955128501
-9.854317114547731 -9.8280664762766 -9.75708011624026 -9.724095536159568 -9.621835276642576 -9.296963922353546 -9.296867514607015 -9.120053671150565 -9.100042816321691 -9.030576266807635
-9.632633049547934 -9.519057367936593 -9.463241232717605 -9.36003065770809 -9.340252634350215 -9.249619098913724 -9.184476165177196 -9.138844765455815 -8.990086571702967 -8.941624230367129
-9.83737494854082 -9.584285978739386 -9.487708482378393 -9.415393131866018 -9.363411162251632 -9.142632732572665 -9.083197264416667 -9.047517452726439 -9.00361811670415 -8.992527237978278
-9.93221753553702 -9.848849219547212 -9.63957128001585 -9.374176740380408 -9.331016578857982 -9.241301849927934 -9.199054057898257 -8.968239622072444 -8.89461659346581 -8.844246631107913
-10.43878166539603 -10.087224381063372 -9.61204798317677 -9.535908772007254 -9.270496393938247 -9.17245195004969 -9.154173543927053 -9.037656663089393 -8.941140532380514 -8.91293987508643
-10.609136565840865 -10.029643169047104 -9.612587901789315 -9.526401779978878 -9.19083611289808 -9.098150498376064 -9.02238163583863 -8.91871995513189 -8.904075770003985 -8.893103116280868
-10.246570211489177 -10.143706656346435 -9.587466784215415 -9.414068766235452 -9.369542897588524 -9.290509518895513 -9.159463013815769 -9.099509253873306 -8.992784956384776 -8.951536961070461
-9.955632408494653 -9.933497765555039 -9.614017075234559 -9.628677909879178 -9.361700379297464 -9.313155572218212 -9.284341324042652 -9.046672955573184 -9.027688265008996 -9.017332698678205
-10.246570211489285 -10.143706656346557 -9.587466784215462 -9.414068766235543 -9.369542897588483 -9.290509518895474 -9.159463013815703 -9.099509253873325 -8.992784956384861 -8.951536961070426
-10.609136565840913 -10.029643169047155 -9.612587901789329 -9.526401779978919 -9.190836112898026 -9.098150498376071 -9.02238163583857 -8.918719955131749 -8.904075770004056 -8.893103116280948
-10.438781665396032 -10.087224381063367 -9.612047983176824 -9.535908772007275 -9.270496393938195 -9.172451950049682 -9.154173543927062 -9.037656663089336 -8.941140532380423 -8.912939875086474
-9.932217535537122 -9.848849219547173 -9.639571280015733 -9.37417674038039 -9.331016578857946 -9.24130184992792 -9.199054057898334 -8.968239622072433 -8.894616593465807 -8.844246631107875
-9.83737494854091 -9.58428597873942 -9.487708482378359 -9.415393131865956 -9.363411162251678 -9.142632732572755 -9.083197264416818 -9.047517452726455 -9.003618116704141 -8.992527237978248
-9.632633049547993 -9.519057367936563 -9.463241232717618 -9.360030657708155 -9.340252634350147 -9.249619098913687 -9.184476165177252 -9.138844765455824 -8.990086571702966 -8.941624230366987
-9.85431711454767 -9.828066476276657 -9.757080116240221 -9.724095536159503 -9.6218352766425 -9.296867514607209 -9.296963922353612 -9.120053671150433 -9.100042816321544 -9.030576266807664
-10.323377128167085 -10.20435523928836 -9.898307288226421 -9.64283919671699 -9.288726211905725 -9.257468423951632 -9.210812355420046 -9.197287371573005 -8.863824415294527 -8.844212955128606
