-11.231971113569534 -11.189846019202673 -10.88801795575725
-10.987749050483849 -10.937272125216202 -10.633800497998894
-10.74444357466509 -10.722751460938483 -10.700198360963308
-10.513342987142929 -10.502384712065806 -10.472747789414715
-10.65577280515254 -10.63302599932631 -10.504216372641972
-10.862588371773167 -10.832977041697355 -10.798043220887699
-11.162814443248667 -10.845896278939536 -10.488045887997924
-11.108602924105009 -10.869120860802543 -10.866725021346166
-10.795328135365828 -10.725008242667453 -10.53090637093435
-10.585904425880909 -10.57443312544107 -10.502690177658518
-10.58590442588095 -10.574433125441125 -10.502690177658607
-10.795328135365764 -10.725008242667363 -10.53090637093436
-11.10860292410507 -10.869120860802566 -10.86672502134618
-11.162814443248672 -10.845896278939517 -10.488045887997945
-10.86258837177323 -10.832977041697337 -10.798043220887681
-10.655772805152507 -10.633025999326287 -10.504216372641945
-10.513342987142984 -10.502384712065837 -10.472747789414706
-10.744443574664993 -10.72275146093835 -10.700198360963345
-10.987749050483805 -10.93727212521625 -10.633800497998898
