-8.494112370168121 -8.366681359011588 -7.883506764541828 -7.508554049012432
-7.744528974051195 -7.629616056199143 -7.227193804973132 -6.820024762522346
-7.229563720453923 -7.1964138266233615 -7.150920340891983 -7.104006429382915
-7.113437530991415 -7.05529992005109 -6.900418407046779 -6.8460021924182515
-7.577892939913728 -7.451230839965903 -7.116437778563486 -6.881645325748336
-8.101815193402567 -7.391178737982711 -6.875721628030473 -6.754606294062822
-7.977191812367901 -7.524467728612578 -6.910149336396965 -6.633027593824615
-7.604965619142882 -7.356287002194609 -7.136256584922668 -6.990685825431303
-7.977191812367872 -7.524467728612534 -6.910149336396978 -6.633027593824599
-8.101815193402569 -7.391178737982728 -6.875721628030529 -6.754606294062826
-7.577892939913734 -7.4512308399658815 -7.116437778563481 -6.881645325748334
-7.11343753099142 -7.055299920051121 -6.900418407046814 -6.846002192418298
-7.229563720453905 -7.196413826623357 -7.150920340891995 -7.104006429382878
-7.744528974051181 -7.629616056199122 -7.22719380497314 -6.820024762522363
