-15.409082764859138 -15.35971335334607 -15.221575098662118
-15.24904461655857 -15.199430130437134 -14.948541145042173
-15.076746897567705 -15.053768334043609 -15.041696738676004
-14.86842935743689 -14.832438453763823 -14.788002274611577
-14.68980526117869 -14.66366519482175 -14.663275857382164
-14.752279975079912 -14.69959202141735 -14.671572445359
-14.962730453405207 -14.949516241681188 -14.858889333993769
-15.111713417988081 -15.074298619539098 -14.879634949168018
-15.302477886608278 -15.203455534126284 -15.196979661367047
-15.363779159168814 -15.172850186549203 -14.884029867819534
-15.177176920300628 -15.169055738402358 -15.137428841708408
-15.016849561342495 -14.951559838310754 -14.845318348826003
-14.821223432206414 -14.790438376559344 -14.780575436432585
-14.627262706343238 -14.626869617108012 -14.616139721165965
-14.821223432206336 -14.790438376559655 -14.780575436432994
-15.016849561342518 -14.951559838310839 -14.845318348826005
-15.177176920300619 -15.16905573840243 -15.137428841708328
-15.363779159168757 -15.172850186549102 -14.884029867819304
-15.302477886608443 -15.20345553412632 -15.196979661367104
-15.111713417987906 -15.074298619538904 -14.879634949167999
-14.962730453405204 -14.949516241681197 -14.858889333993577
-14.752279975079938 -14.699592021417493 -14.671572445358615
-14.689805261178686 -14.663665194821878 -14.663275857382832
-14.868429357436773 -14.832438453763725 -14.788002274611742
-15.076746897567741 -15.053768334043655 -15.041696738676404
-15.24904461655861 -15.199430130437419 -14.948541145042336
