-10.914528431893944 -10.788526760115772 -10.452123169668509 -10.150777495500439
-10.32337712816708 -10.204355239288203 -9.898307288226126 -9.642839196716773
-9.85431711454772 -9.828066476276694 -9.757080116240253 -9.724095536159611
-9.632633049548051 -9.5190573679369 -9.463241232717788 -9.360030657708322
-9.837374948540802 -9.584285978739409 -9.487708482378537 -9.415393131866233
-9.932217535537 -9.848849219547189 -9.63957128001574 -9.374176740380598
-10.438781665395883 -10.087224381063212 -9.61204798317686 -9.535908772007268
-10.609136565840865 -10.029643169047075 -9.612587901789212 -9.52640177997882
-10.24657021148917 -10.143706656346437 -9.58746678421545 -9.414068766235719
-9.955632408494713 -9.933497765555128 -9.628677909879118 -9.614017075234443
-10.2465702114892 -10.143706656346449 -9.587466784215446 -9.414068766235713
-10.609136565840899 -10.029643169047171 -9.61258790178926 -9.526401779978784
-10.438781665395938 -10.087224381063239 -9.612047983176813 -9.53590877200725
-9.9322175355371 -9.848849219547192 -9.639571280015602 -9.374176740380479
-9.837374948540827 -9.584285978739487 -9.487708482378528 -9.41539313186622
-9.632633049548028 -9.519057367936725 -9.463241232717708 -9.360030657708236
-9.854317114547744 -9.828066476276652 -9.75708011624029 -9.724095536159599
-10.323377128167035 -10.204355239288256 -9.898307288226183 -9.642839196716793
