-13.015825563247612 -12.989525889830853 -12.76307698064532 -12.714973161715935 -12.367874861796702 -12.311129530804573 -12.097084930911594 -12.012981960082026 -11.993177701492518 -11.982387509155043
-12.820464936165203 -12.783298779079182 -12.469385648798367 -12.348007464495371 -12.242082890362244 -12.171523758126932 -12.134056843179511 -12.10722638966344 -12.013270056259163 -12.004197488148145
-12.61785212828123 -12.599479021184065 -12.585010872007668 -12.569542446359918 -12.307369076462214 -12.18650932610808 -12.162280756707949 -12.066673327355808 -12.027745434840906 -11.984349132726232
-12.390645150425781 -12.354163139302132 -12.329251257735384 -12.269085462666427 -12.240965554610089 -12.233638092307494 -12.130364824028618 -12.098468689095549 -12.060460760676218 -12.013618040301578
-12.32723228059024 -12.320927088502197 -12.289058314736177 -12.267335919961985 -12.247165397678465 -12.23167832301448 -12.186731412986049 -12.137417109888338 -12.118346250896728 -12.078514482067545
-12.541183648813906 -12.489669179953927 -12.378448685622198 -12.249341136253127 -12.219170760608723 -12.118569569466569 -12.020662292251275 -12.01617683525208 -11.989514326366315 -11.94750294165816
-12.72927683813719 -12.69769731559476 -12.699042234576325 -12.38348735539742 -12.247664304161425 -12.163177120122356 -12.076700877050936 -12.06260102974502 -11.97968291737827 -11.913561784726662
-12.95881286184756 -12.728729202768283 -12.382575276844719 -12.263270133799328 -12.250013736766071 -12.226123499891791 -12.03273669532656 -12.027966105935661 -11.962370283599512 -11.883774465828596
-12.923697786111774 -12.746265699330914 -12.747182784411098 -12.322997863774757 -12.194405127247416 -12.17069557633159 -12.066491079594261 -11.996147900919327 -11.983286083066663 -11.975103911232454
-12.673443295509392 -12.622936054082958 -12.386109718845695 -12.344803023814789 -12.236572326655233 -12.138061006585101 -12.00932112402868 -12.004864177008384 -11.92505643801135 -11.892858116360117
-12.48483220407304 -12.46868008122898 -12.399030837162158 -12.265762021877935 -12.229189665147937 -12.148812824803235 -12.093841399001555 -12.033071085655026 -11.999983264720218 -11.961015559620623
-12.243175950167142 -12.242346926124544 -12.26707308671451 -12.267074499410933 -12.135072306567222 -12.137557269772463 -12.104342430765627 -12.10132334729482 -12.00770087042003 -11.99466178253688
-12.484832204073182 -12.468680081229163 -12.399030837162147 -12.265762021878194 -12.229189665148095 -12.148812824803311 -12.093841399001432 -12.033071085655264 -11.99998326472044 -11.961015559620702
-12.673443295509376 -12.622936054083002 -12.38610971884583 -12.34480302381478 -12.236572326655311 -12.138061006585222 -12.009321124028919 -12.004864177008686 -11.925056438011497 -11.89285811635999
-12.923697786111877 -12.74718278441133 -12.746265699330987 -12.322997863774926 -12.194405127247459 -12.170695576331607 -12.066491079594428 -11.99614790091933 -11.98328608306668 -11.975103911232479
-12.958812861847617 -12.72872920276819 -12.38257527684471 -12.263270133799473 -12.250013736765938 -12.226123499891626 -12.032736695326617 -12.027966105935771 -11.962370283599656 -11.883774465828669
-12.729276838137102 -12.69904223457608 -12.697697315594814 -12.383487355397321 -12.247664304161242 -12.16317712012232 -12.07670087705097 -12.062601029744902 -11.979682917378103 -11.913561784726548
-12.541183648814096 -12.489669179954157 -12.378448685622224 -12.24934113625325 -12.219170760608765 -12.118569569466544 -12.02066229225099 -12.016176835252168 -11.989514326366189 -11.947502941657904
-12.327232280590199 -12.320927088502138 -12.289058314736193 -12.267335919961985 -12.24716539767846 -12.231678323014409 -12.186731412986129 -12.13741710988851 -12.118346250896765 -12.078514482067401
-12.39064515042599 -12.35416313930211 -12.32925125773559 -12.269085462666515 -12.240965554610144 -12.233638092307753 -12.130364824028412 -12.098468689095608 -12.060460760676392 -12.013618040301692
-12.61785212828119 -12.599479021184106 -12.585010872007826 -12.569542446359861 -12.307369076462313 -12.186509326108158 -12.162280756708167 -12.066673327355852 -12.027745434840927 -11.984349132726319
-12.82046493616535 -12.783298779079171 -12.46938564879827 -12.34800746449534 -12.242082890362049 -12.171523758126998 -12.13405684317956 -12.107226389663433 -12.013270056259259 -12.004197488148044
