-8.4046404877157 -8.274874467257277 -7.721833389238426
-7.707134829648376 -7.584731633743461 -7.084753778212709
-7.260243404280618 -7.118527091972697 -7.093185088410869
-7.37944817611127 -7.1767656601669 -6.996761219356476
-7.953607295287237 -7.441253117002805 -7.222420676870477
-8.087015672249018 -7.314976757690846 -6.821690840704887
-7.474053532496632 -7.452403038648029 -7.081820753483008
-7.208308814114201 -7.098373143845282 -6.87105842442456
-7.474053532496589 -7.452403038648054 -7.081820753483
-8.08701567224898 -7.314976757690785 -6.821690840704841
-7.953607295287231 -7.441253117002813 -7.22242067687051
-7.379448176111271 -7.17676566016693 -6.996761219356509
-7.26024340428058 -7.118527091972673 -7.093185088410862
-7.707134829648375 -7.584731633743478 -7.084753778212715
