-9.721577770537904 -9.531881984657641 -9.250961587444955 -8.771719648194788
-9.059468614586745 -8.880732972716672 -8.643859683462123 -8.213250007129778
-8.544796842703564 -8.517392698825713 -8.466631057053862 -8.411198472817139
-8.329608279513417 -8.236815500058329 -8.206947884349104 -8.06524704928119
-8.537041604657238 -8.50167247807843 -8.387555631093237 -8.330413003820253
-9.046723811074987 -8.792560731373818 -8.193771498365928 -7.979908989615413
-9.379790997960766 -8.700534940417237 -8.271976313564211 -8.204178553810133
-9.11891641254533 -8.862366972678904 -8.224005980745186 -8.03512142657797
-8.792746128012272 -8.636510437452372 -8.389186905561914 -8.30912856940372
-9.118916412545389 -8.862366972678876 -8.22400598074515 -8.03512142657793
-9.37979099796077 -8.700534940417269 -8.271976313564208 -8.204178553810188
-9.046723811074946 -8.792560731373872 -8.1937714983659 -7.979908989615368
-8.537041604657222 -8.501672478078437 -8.387555631093234 -8.330413003820228
-8.329608279513387 -8.236815500058322 -8.20694788434907 -8.065247049281199
-8.544796842703587 -8.517392698825716 -8.466631057053824 -8.411198472817134
-9.059468614586748 -8.880732972716684 -8.643859683462141 -8.213250007129837
