-10.66372447111168 -10.53758991725415 -10.32314494726579
-10.402893485477476 -10.230555391526902 -10.13938491550649
-10.12472081003318 -10.110232525662356 -10.054347100491523
-9.9249006211049 -9.896587153392238 -9.870641258920465
-10.104514524919912 -10.050584779029569 -10.030720321507863
-10.35579089336746 -10.252228328802191 -9.796938188064033
-10.594718517969673 -10.25191870286666 -10.182752265698056
-10.383810009112814 -10.243378818284203 -9.816349868514948
-10.073474703958585 -10.056893267885222 -10.038608877844906
-9.866779714235625 -9.862441802099605 -9.81760979740343
-10.073474703958556 -10.056893267885275 -10.03860887784489
-10.383810009112803 -10.243378818284176 -9.816349868514935
-10.594718517969676 -10.251918702866726 -10.18275226569803
-10.355790893367468 -10.25222832880222 -9.796938188063987
-10.104514524919985 -10.05058477902967 -10.030720321507896
-9.924900621104802 -9.896587153392131 -9.870641258920532
-10.124720810033194 -10.110232525662399 -10.05434710049155
-10.40289348547751 -10.230555391526913 -10.139384915506495
