-9.86913483185598 -9.852477022289698 -9.260624043677714 -9.240856615824558 -8.857496585718874 -8.816747510790135 -8.449429052893327 -8.438615791700698
-9.527277090114909 -9.464693937998371 -8.969798928199207 -8.92052280682214 -8.7797443756587 -8.596430435875263 -8.47156913044705 -8.420912186175125
-9.259729454763795 -9.177694397343823 -9.140969708415364 -9.12356634778131 -8.940024431899419 -8.74610063773681 -8.569961073540151 -8.52732155300929
-9.327222723295584 -9.169984282550688 -9.002210971119364 -8.78751631982993 -8.764164587858591 -8.705691872058003 -8.58917801061895 -8.370231289235136
-9.747464200647498 -9.287450535135083 -8.866116611167634 -8.749370670543733 -8.623790048862576 -8.576385539241373 -8.493442837111399 -8.48194531739307
-9.757990306172205 -9.29066811290271 -8.852127411885178 -8.694625104501451 -8.62563037115055 -8.338806437039521 -8.32816752315445 -8.15329176428111
-9.350064511085021 -9.294531183140547 -9.192165410639062 -8.992516799836439 -8.7086349541443 -8.526527237125656 -8.353903098624956 -8.325095324998776
-9.115957837703494 -8.866031270141086 -8.840282479581031 -8.765581336185184 -8.638436333177948 -8.399055475118802 -8.253997626413877 -8.161940307008583
-9.32637908256893 -9.324495814699043 -8.65527142555717 -8.642662523706848 -8.597096497047135 -8.566675001640931 -8.478301603384566 -8.440398342184816
-9.115957837703519 -8.866031270140946 -8.840282479581115 -8.765581336185159 -8.63843633317792 -8.399055475118837 -8.253997626413991 -8.161940307008532
-9.350064511084977 -9.294531183140531 -9.192165410639063 -8.992516799836457 -8.708634954144229 -8.526527237125592 -8.353903098624908 -8.325095324998747
-9.757990306172237 -9.290668112902733 -8.852127411885169 -8.694625104501458 -8.625630371150606 -8.338806437039533 -8.328167523154486 -8.153291764281036
-9.747464200647467 -9.287450535135083 -8.866116611167612 -8.749370670543613 -8.623790048862512 -8.576385539241347 -8.493442837111393 -8.481945317393023
-9.327222723295513 -9.169984282550704 -9.002210971119434 -8.787516319829967 -8.76416458785862 -8.705691872057972 -8.589178010618832 -8.370231289235022
-9.259729454763807 -9.177694397343815 -9.140969708415355 -9.123566347781248 -8.94002443189954 -8.746100637736834 -8.569961073540235 -8.527321553009298
-9.527277090114943 -9.46469393799835 -8.969798928199287 -8.920522806822147 -8.779744375658751 -8.59643043587527 -8.471569130447016 -8.4209121861752
