-11.834185390241664 -11.776401308015018 -11.540921790604791
-11.611360383600625 -11.538371554936681 -11.257131935152161
-11.373696296019785 -11.358595975018664 -11.335125726907087
-11.132841822722359 -11.114283774083411 -11.083267952917815
-11.233406200595454 -11.182420300645942 -11.171673401404425
-11.432192308840692 -11.35963011137128 -11.138853274588975
-11.694461575551244 -11.509201862072425 -11.501809691999656
-11.772134353518975 -11.470762361908685 -11.113741093008903
-11.48841034424618 -11.484414011934689 -11.440819623844297
-11.280057372170079 -11.215823491489468 -11.069445559562627
-11.083159969870835 -11.083122046466526 -11.079890873552513
-11.28005737217027 -11.215823491489576 -11.069445559562709
-11.488410344246153 -11.484414011934685 -11.440819623844286
-11.772134353519025 -11.47076236190866 -11.113741093008834
-11.694461575551284 -11.509201862072485 -11.501809691999695
-11.432192308840705 -11.359630111371292 -11.138853274588985
-11.23340620059531 -11.182420300645784 -11.17167340140445
-11.13284182272219 -11.1142837740832 -11.083267952917687
-11.373696296019702 -11.35859597501838 -11.33512572690664
-11.611360383600621 -11.538371554936719 -11.257131935152213
