-11.995094115075304 -11.904841972448088 -11.521072246499529
-11.496130413553038 -11.4105715303786 -11.041389455186508
-11.075063437590627 -11.032795700269359 -10.992071005408086
-10.834749724718739 -10.735400570723293 -10.682118040506658
-10.895381226648404 -10.756388667125028 -10.750175322031769
-11.219274136388238 -11.081340178827071 -10.893052779613225
-11.675971408872371 -11.298951777149345 -11.134158791413467
-11.769691240944299 -11.218078256228539 -10.836166955771168
-11.314552137085863 -11.30317773516114 -11.037266334632122
-10.946614569481113 -10.906409141120534 -10.82639578497723
-10.806774070115218 -10.726435367656146 -10.559688271421091
-10.94661456948106 -10.906409141120639 -10.826395784977281
-11.314552137085817 -11.303177735161063 -11.037266334632127
-11.769691240944303 -11.218078256228484 -10.836166955771095
-11.675971408872373 -11.298951777149288 -11.13415879141343
-11.21927413638818 -11.081340178826991 -10.89305277961319
-10.895381226648391 -10.756388667125176 -10.750175322031726
-10.83474972471867 -10.735400570723206 -10.682118040506491
-11.075063437590616 -11.03279570026954 -10.992071005408311
-11.496130413553022 -11.410571530378554 -11.041389455186579
