-16.117896061100424 -16.063568714848024 -15.830563008728525
-15.902573841446477 -15.860811909037066 -15.547130038058548
-15.689847646238825 -15.652956511843493 -15.646571476621006
-15.466040707682769 -15.46092071318338 -15.425295662434072
-15.409217704618786 -15.40416864950385 -15.390950994507614
-15.596000886999162 -15.524270647842476 -15.504379244056018
-15.796602840333927 -15.75586459612601 -15.533817933996563
-16.05564704592781 -15.774759178485224 -15.520913879933627
-16.004926073044857 -15.83270909446851 -15.484446310229231
-15.774885595454458 -15.657392439693197 -15.544452766339369
-15.794418104194964 -15.580846617656825 -15.490983559716229
-15.50155709323392 -15.435252090256022 -15.390908076990529
-15.833047572387642 -15.51208453496039 -15.363516252050335
-15.53151617442228 -15.530547062677464 -15.213593304571171
-15.833047572387603 -15.51208453496028 -15.363516252050259
-15.501557093234018 -15.435252090255867 -15.390908076990359
-15.794418104195014 -15.580846617656947 -15.490983559716252
-15.77488559545461 -15.657392439693378 -15.5444527663394
-16.004926073045066 -15.83270909446856 -15.484446310229332
-16.055647045927767 -15.774759178485246 -15.52091387993358
-15.796602840333957 -15.755864596125974 -15.533817933996659
-15.596000886999102 -15.524270647842489 -15.504379244056008
-15.409217704618966 -15.404168649503903 -15.390950994507765
-15.466040707682852 -15.46092071318348 -15.425295662434126
-15.689847646238784 -15.652956511842952 -15.6465714766203
-15.902573841446536 -15.860811909036933 -15.547130038058597
