-10.050040854081157 -9.974836783168156 -9.629880466687924
-9.769309247899981 -9.684142185250225 -9.390320420320622
-9.465149501320242 -9.457835067733086 -9.451124086182714
-9.32999049301602 -9.297023558837758 -9.278920611892271
-9.5487329544021 -9.440691731127531 -9.28185425078696
-9.873228103281836 -9.594169220814686 -9.572006828721221
-9.973712733586167 -9.551296882506788 -9.1907488821567
-9.595963282815525 -9.578658082974748 -9.52247072307835
-9.354785315926666 -9.288347143539687 -9.215826688625128
-9.35478531592661 -9.288347143539594 -9.215826688625157
-9.5959632828155 -9.578658082974762 -9.522470723078387
-9.973712733586144 -9.55129688250685 -9.190748882156695
-9.873228103281871 -9.594169220814676 -9.572006828721186
-9.548732954402126 -9.440691731127561 -9.281854250786969
-9.329990493016087 -9.297023558837848 -9.27892061189223
-9.465149501320132 -9.457835067732981 -9.451124086182544
-9.769309247900019 -9.684142185250268 -9.390320420320661
