-13.314556648808237 -13.245561466501204 -12.924285529908593 -12.718676455116837 -12.378165401052117 -12.293088089406185 -12.057715935476216 -12.01873500977866 -11.813734301761432 -11.771533215742007
-12.828488962019724 -12.758532406093751 -12.471751633393108 -12.25959817573936 -11.981716977219284 -11.950922737338008 -11.916478495855124 -11.884783604186524 -11.665494676044858 -11.659712234372812
-12.416877060080738 -12.404493367303525 -12.366561592316367 -12.361427986537102 -12.099407640776374 -11.96890359459279 -11.944591273972511 -11.816062682526413 -11.751548440691568 -11.735043461483313
-12.166456127077412 -12.083072074288385 -12.064722922666915 -12.032983346775566 -11.988527823351733 -11.919347680676134 -11.843368456086017 -11.68441844474121 -11.654541042593019 -11.606605356762838
-12.341184217972645 -11.944416844301283 -11.900705396153947 -11.895006596270184 -11.74957951650479 -11.748415775995888 -11.706634327850567 -11.669511209154821 -11.634183006902683 -11.596375077236313
-12.058092710603391 -12.003226673936203 -11.980065139377189 -11.920095321002385 -11.872944439623147 -11.856863534510879 -11.71991653109814 -11.690379606188868 -11.525894810693119 -11.493562577534671
-12.371044044083572 -12.30176554338309 -12.236271261901418 -12.21753740669403 -11.878875166791559 -11.861128353970503 -11.68181320586694 -11.650504157203093 -11.630876709786579 -11.602075740863189
-12.710192941310359 -12.612701135289289 -12.186862454416119 -12.014946623656407 -11.956162638409644 -11.841167829764913 -11.799513258853693 -11.739809313595888 -11.680390419067024 -11.4624831187094
-13.052752651314957 -12.593677093135868 -12.218749068027265 -12.15300412457569 -11.99359305674095 -11.780823530732917 -11.723431563828498 -11.657252484280695 -11.611744837961043 -11.553761274362307
-12.976042566154483 -12.65609101243416 -12.18894610053112 -11.98275227528747 -11.911997519413463 -11.866500761058894 -11.77110693552736 -11.668827723037428 -11.632325740568232 -11.568319957810248
-12.591165724908533 -12.497903902249051 -12.306485738873352 -12.100634231850572 -11.955820834832268 -11.792491111417656 -11.783710024508318 -11.689671430492476 -11.662542229602206 -11.625999076556427
-12.417080069730968 -12.274471686869878 -12.10546302188904 -12.133124565119392 -12.129240349286233 -11.91096225190863 -11.833606048696648 -11.776248510323807 -11.738746523419328 -11.698979890052797
-12.591165724908754 -12.497903902249305 -12.3064857388734 -12.100634231850563 -11.955820834832284 -11.783710024508583 -11.79249111141773 -11.689671430492593 -11.662542229602249 -11.625999076556516
-12.976042566154506 -12.656091012434159 -12.188946100531185 -11.982752275287735 -11.911997519413669 -11.866500761059072 -11.771106935527321 -11.668827723037296 -11.632325740568248 -11.568319957810218
-13.052752651314972 -12.593677093135875 -12.218749068027256 -12.153004124575752 -11.993593056741041 -11.780823530733056 -11.723431563828504 -11.657252484280608 -11.611744837961009 -11.553761274362321
-12.710192941310384 -12.612701135289269 -12.186862454416088 -12.01494662365638 -11.956162638409635 -11.841167829764835 -11.79951325885358 -11.739809313595812 -11.680390419066983 -11.462483118709484
-12.371044044083552 -12.301765543383134 -12.236271261901301 -12.217537406694019 -11.878875166791483 -11.861128353970356 -11.681813205866893 -11.650504157203384 -11.63087670978688 -11.602075740863233
-12.058092710603514 -12.003226673936366 -11.980065139377258 -11.920095321002282 -11.872944439623035 -11.856863534510774 -11.719916531098148 -11.690379606189031 -11.525894810692963 -11.49356257753461
-12.341184217972598 -11.944416844301355 -11.895006596270266 -11.900705396154077 -11.748415775996039 -11.749579516504653 -11.70663432785061 -11.669511209154878 -11.634183006902678 -11.596375077236543
-12.166456127077442 -12.083072074288411 -12.064722922666787 -12.032983346775614 -11.988527823351797 -11.919347680676204 -11.843368456086097 -11.684418444741345 -11.654541042593014 -11.606605356762877
-12.416877060080699 -12.404493367303502 -12.366561592316453 -12.361427986537077 -12.099407640776363 -11.968903594592737 -11.944591273972502 -11.81606268252638 -11.751548440691485 -11.735043461483201
-12.82848896201974 -12.758532406093588 -12.471751633393026 -12.259598175739281 -11.981716977219293 -11.950922737338017 -11.916478495855129 -11.88478360418647 -11.665494676044927 -11.65971223437293
