-8.70160479540712 -8.436437491971132 -8.143812169235426 -7.758577022103372 -7.396007903715682 -7.199792715619724 -7.097823148910978 -7.047615130831066
-8.279656717520615 -7.967246480944976 -7.940152669523304 -7.4623997921653356 -7.331978397897029 -7.076210505676315 -6.898073194138815 -6.798836421799012
-8.024875325074467 -7.80648706574551 -7.805681461327789 -7.778016792502462 -7.477559318650295 -7.3640413031686585 -7.010510518570488 -6.817028683486643
-8.222664122927323 -8.003083128269306 -7.518235394924873 -7.373643519651516 -7.263094829251792 -7.027269970386432 -6.973383928636177 -6.949482166185958
-8.578382952580226 -7.811113998557083 -7.623019632357135 -7.516077169197068 -7.444355810308922 -6.9465214345085196 -6.934344689245359 -6.873795871820454
-8.194411671372045 -8.044672875246123 -7.292741982830914 -7.256140569224762 -6.994496250850754 -6.976836394689951 -6.941876738510126 -6.761646141651573
-8.00544304021495 -7.888581611154303 -7.756161016813928 -7.472119970513967 -7.180383819876297 -7.019104072368998 -6.921132089402843 -6.782192647727684
-7.609714697069482 -7.601160941341739 -7.314884407548408 -7.095136321205394 -7.052423753267949 -7.049882100225182 -7.048903696560216 -6.8733755441779785
-8.005443040214882 -7.888581611154319 -7.756161016813954 -7.472119970514006 -7.18038381987628 -7.019104072368951 -6.921132089402789 -6.782192647727704
-8.194411671372045 -8.044672875246135 -7.292741982830918 -7.25614056922475 -6.9944962508507595 -6.9768363946899 -6.941876738510155 -6.76164614165159
-8.578382952580206 -7.811113998557101 -7.623019632357087 -7.516077169197012 -7.444355810308939 -6.946521434508469 -6.934344689245376 -6.873795871820436
-8.222664122927355 -8.003083128269344 -7.518235394924984 -7.37364351965157 -7.263094829251797 -7.027269970386517 -6.9733839286362596 -6.949482166186001
-8.024875325074477 -7.806487065745576 -7.805681461327827 -7.778016792502551 -7.477559318650302 -7.364041303168662 -7.010510518570527 -6.817028683486602
-8.279656717520652 -7.967246480945035 -7.940152669523389 -7.462399792165364 -7.331978397897034 -7.076210505676288 -6.898073194138861 -6.798836421799002
