-9.72157777053791 -9.531881984657836 -9.250961587445131 -8.771719648194901 -8.398840005008493 -8.284329254067716 -8.096671360458014 -8.036472184092904 -7.72301333785924 -7.586335524498495
-9.059468614586715 -8.880732972716713 -8.643859683462187 -8.213250007129927 -7.90952324783072 -7.864028480632681 -7.792776551506495 -7.78160072717191 -7.514417894355275 -7.494732626762157
-8.544796842703553 -8.517392698825649 -8.466631057053814 -8.4111984728171 -8.284562192616999 -7.9650307277124455 -7.898245130209794 -7.777490973441553 -7.721845562352051 -7.566935091914877
-8.329608279513234 -8.236815500058183 -8.206947884349006 -8.06524704928094 -8.020866622961485 -7.956127376807781 -7.872623626963686 -7.765478435086916 -7.681158746777668 -7.610473576741751
-8.537041604657231 -8.501672478078515 -8.387555631093386 -8.330413003820391 -7.934399324105212 -7.924137246075201 -7.700988042742015 -7.6362445383518 -7.589523383731056 -7.521844893308533
-9.046723811075028 -8.792560731373886 -8.193771498365932 -7.979908989615287 -7.85919363154144 -7.814816302384828 -7.778359129014462 -7.732727976687027 -7.695363999313212 -7.432635250242231
-9.379790997960777 -8.70053494041733 -8.27197631356426 -8.204178553810161 -8.125829036364113 -7.733975986090884 -7.64442070079312 -7.569201849499888 -7.501543008400241 -7.494098975162014
-9.118916412545362 -8.862366972678913 -8.224005980745202 -8.03512142657781 -8.009639938441325 -7.905176088752129 -7.832392636458481 -7.766948705714068 -7.621694800968 -7.50532120859781
-8.792746128012388 -8.636510437452516 -8.389186905561953 -8.30912856940379 -8.082501518536086 -7.982406945798975 -7.893689004069282 -7.765963274249899 -7.600070603239701 -7.584225028862693
-9.118916412545389 -8.862366972678931 -8.224005980745213 -8.035121426577772 -8.009639938441204 -7.9051760887520945 -7.83239263645848 -7.766948705714125 -7.621694800968062 -7.505321208597821
-9.379790997960805 -8.700534940417324 -8.271976313564277 -8.204178553810179 -8.125829036364143 -7.733975986090858 -7.644420700793122 -7.56920184949998 -7.5015430084002945 -7.4940989751620215
-9.046723811074997 -8.79256073137387 -8.193771498365889 -7.979908989615339 -7.859193631541492 -7.814816302384843 -7.778359129014494 -7.732727976687045 -7.695363999313246 -7.432635250242241
-8.537041604657258 -8.501672478078431 -8.38755563109327 -8.330413003820295 -7.934399324105171 -7.924137246075169 -7.7009880427419715 -7.636244538351748 -7.589523383731046 -7.521844893308478
-8.329608279513332 -8.236815500058244 -8.206947884349033 -8.065247049280968 -8.020866622961435 -7.956127376807736 -7.872623626963661 -7.765478435086933 -7.68115874677761 -7.610473576741764
-8.544796842703578 -8.517392698825656 -8.466631057053773 -8.411198472817084 -8.284562192616944 -7.965030727712387 -7.898245130209678 -7.777490973441455 -7.721845562352033 -7.566935091914907
-9.05946861458677 -8.880732972716718 -8.643859683462164 -8.2132500071299 -7.909523247830679 -7.8640284806326495 -7.792776551506436 -7.781600727171866 -7.514417894355286 -7.494732626762193
