-7.6612067868234615 -7.590462393011545 -6.995926511862612
-7.290345602539813 -7.207490411575696 -6.843755415813759
-6.956209777029576 -6.84360580017696 -6.823963938289486
-7.055812635078662 -6.989927552064438 -6.737414247311032
-7.553236767717056 -6.844797232975868 -6.513060509224251
-7.461563374597046 -6.931984256304618 -6.886977975041127
-6.862099902270611 -6.788238398307866 -6.7364671543582375
-6.86209990227059 -6.788238398307855 -6.736467154358221
-7.461563374597062 -6.931984256304615 -6.8869779750410896
-7.553236767717048 -6.844797232975868 -6.513060509224254
-7.055812635078653 -6.989927552064453 -6.7374142473109755
-6.956209777029578 -6.8436058001770155 -6.823963938289599
-7.290345602539815 -7.207490411575681 -6.843755415813771
