-6.105776943055271 -5.876093179934184 -5.213108436022652 -4.780413576023201
-5.090313022449405 -4.889885350011904 -4.171586200428225 -4.139784473237843
-4.700220898058357 -4.494442143337337 -4.492319234426989 -4.320568504368372
-5.297742252780657 -4.7329660852117 -4.022823016293962 -3.7493680781080654
-5.599756292053875 -4.624599700807349 -4.172373201591963 -3.8661097089106913
-5.096554177230014 -5.076871421601006 -4.406079607458866 -4.041946513435469
-5.599756292053882 -4.624599700807353 -4.172373201591992 -3.8661097089106815
-5.297742252780675 -4.732966085211725 -4.022823016293966 -3.7493680781080707
-4.700220898058344 -4.49444214333734 -4.49231923442698 -4.3205685043683575
-5.09031302244942 -4.889885350011923 -4.171586200428233 -4.1397844732378495
