-7.383199969629046 -7.306174069521828 -6.63697214720454 -6.336990755725402 -5.987744501438901 -5.923702489870906 -5.459671564002197 -5.348825736907302
-6.896799116208693 -6.867492640347058 -6.320512761960524 -6.090913938328553 -5.691963680207455 -5.360719550549317 -5.207901098993712 -5.123349449581866
-6.7302829061086955 -6.6468688341939135 -6.4175592261383985 -6.304642479079562 -5.873751190481102 -5.693824226004828 -5.507663223427695 -5.359604701582
-7.225151383565501 -6.443985946639985 -5.9952641866457315 -5.794415077817441 -5.691690291074838 -5.558282204438573 -5.43905373504233 -5.209184326103056
-7.164442982620204 -6.615056033705387 -6.402561890176173 -5.972355183176777 -5.671946470766064 -5.496726971670988 -5.282110712059931 -5.279497758430202
-6.579224210201553 -6.318453352738535 -5.824375030937311 -5.80925823986613 -5.60674188019818 -5.4715476027637795 -5.372040801585957 -5.223957979366815
-6.615281999868778 -6.605484130785258 -6.018290370487724 -5.948120717043353 -5.794174235152856 -5.7457725669753525 -5.425634994394309 -5.301336702166398
-6.57922421020151 -6.318453352738484 -5.824375030937348 -5.809258239866077 -5.606741880198258 -5.471547602763784 -5.372040801585988 -5.2239579793668485
-7.1644429826201845 -6.615056033705383 -6.402561890176181 -5.972355183176768 -5.671946470766039 -5.496726971670973 -5.282110712059943 -5.279497758430237
-7.225151383565505 -6.443985946640014 -5.995264186645715 -5.794415077817446 -5.691690291074805 -5.558282204438536 -5.43905373504233 -5.209184326103027
-6.730282906108692 -6.646868834193955 -6.41755922613839 -6.304642479079511 -5.873751190481071 -5.693824226004883 -5.507663223427725 -5.359604701581972
-6.896799116208676 -6.8674926403470264 -6.320512761960474 -6.0909139383285416 -5.691963680207424 -5.360719550549274 -5.2079010989937045 -5.123349449581866
