-14.23273777780602 -14.137666755014871 -14.032928995247763 -13.931050528315643 -13.631934420767632 -13.483881884108431 -13.415782082930695 -13.422697226100194 -13.35436792325828 -13.354429377642687
-14.051787236734423 -13.964909944667827 -13.771117763609952 -13.547277694114458 -13.488325460302379 -13.408867297347149 -13.384351630366499 -13.355661840028256 -13.33380824689655 -13.315290958425491
-13.858975720178034 -13.84463405627328 -13.806962397651763 -13.771793151660546 -13.606140679889654 -13.476189435395785 -13.429755247601783 -13.317752305006941 -13.264883655289461 -13.22155689899139
-13.646491742973279 -13.574997880257976 -13.565340369819337 -13.518833496229657 -13.519413951118397 -13.473752575050696 -13.346957174832427 -13.329967093729403 -13.292487088192715 -13.288147600275677
-13.483708936340298 -13.467117153525832 -13.447031856206662 -13.428177336369478 -13.416961216991725 -13.414253005058203 -13.378797750841622 -13.370552140454768 -13.356781279891209 -13.344469432143685
-13.637484918664157 -13.600624986383421 -13.553993402058532 -13.502072234102048 -13.433419203629699 -13.421974181648508 -13.310502894077091 -13.30260117000847 -13.248581264109543 -13.187398322571534
-13.8459495417115 -13.818224713925428 -13.81741418317762 -13.635973428550416 -13.469230867351177 -13.429413371383086 -13.32395693233102 -13.305884498241578 -13.273292964619047 -13.249275526322467
-14.014880410230521 -13.977857984912472 -13.568946694106357 -13.57368884561328 -13.517986821710709 -13.42712847803371 -13.41974338175534 -13.401143827510536 -13.387697197567787 -13.13803014476964
-14.183850104018669 -13.999699999756286 -13.94892011701854 -13.65103121203822 -13.57018326784484 -13.312624076207847 -13.273417673754604 -13.26670109235462 -13.241879762264455 -13.210125412827077
-14.04620324713094 -13.97759978053349 -13.606076257198573 -13.553400292538567 -13.508248805228353 -13.419750609034413 -13.412940965347651 -13.385797159161054 -13.38269399801355 -13.137649197345311
-13.827509382370408 -13.823890312909798 -13.825259290795625 -13.609157434156767 -13.463173628281979 -13.440673338610694 -13.335030697658617 -13.324808820805602 -13.274940138958684 -13.242805879141327
-13.643228782089812 -13.609032423589868 -13.526368262855284 -13.474976711313063 -13.454980147991792 -13.328257415977877 -13.296663098633804 -13.257886762633659 -13.216893298387992 -13.197621472248644
-13.448719880977958 -13.448104533415277 -13.442613188496695 -13.441546334134816 -13.395916703807583 -13.395108795355696 -13.334570823238293 -13.33332239643143 -13.305358781465056 -13.30293223052624
-13.643228782089158 -13.609032423589369 -13.526368262855296 -13.474976711313268 -13.45498014799207 -13.328257415977959 -13.29666309863381 -13.257886762633152 -13.21689329838791 -13.197621472248462
-13.827509382370359 -13.823890312909738 -13.825259290795627 -13.609157434156742 -13.463173628282332 -13.440673338610965 -13.335030697658839 -13.324808820805789 -13.274940138958836 -13.242805879141333
-14.04620324713076 -13.977599780533202 -13.606076257198835 -13.553400292539 -13.508248805228563 -13.419750609034185 -13.412940965347572 -13.382693998013567 -13.385797159161159 -13.137649197345397
-14.18385010401873 -13.999699999756393 -13.948920117018549 -13.651031212038154 -13.57018326784485 -13.31262407620781 -13.273417673754363 -13.26670109235461 -13.241879762264634 -13.210125412827024
-14.014880410230782 -13.977857984912752 -13.573688845613272 -13.568946694106161 -13.517986821710645 -13.427128478034009 -13.41974338175542 -13.401143827510618 -13.387697197567928 -13.138030144769422
-13.845949541711395 -13.817414183177483 -13.81822471392529 -13.635973428550173 -13.469230867351175 -13.429413371383244 -13.323956932331154 -13.305884498241664 -13.273292964618898 -13.249275526322398
-13.6374849186645 -13.600624986383508 -13.553993402058438 -13.50207223410225 -13.433419203629532 -13.421974181648325 -13.310502894077313 -13.302601170008645 -13.248581264109603 -13.18739832257126
-13.48370893634002 -13.467117153525566 -13.447031856206596 -13.42817733636972 -13.416961216991798 -13.414253005058303 -13.37879775084158 -13.370552140454668 -13.35678127989115 -13.34446943214373
-13.646491742973422 -13.57499788025796 -13.565340369819667 -13.518833496229776 -13.51941395111848 -13.473752575050636 -13.346957174832482 -13.329967093729735 -13.288147600276 -13.292487088192644
-13.858975720178346 -13.844634056273376 -13.806962397651581 -13.771793151660358 -13.606140679889734 -13.476189435395687 -13.429755247601655 -13.317752305007247 -13.26488365528947 -13.221556898991
-14.051787236734569 -13.964909944668166 -13.771117763609954 -13.54727769411434 -13.488325460302413 -13.408867297347301 -13.384351630366686 -13.355661840028295 -13.33380824689654 -13.315290958425653
