-10.663724471111998 -10.537589917254639 -10.323144947266305 -10.158724545750383 -9.82852214723064 -9.630664287792264 -9.564721821451775 -9.519580313700787 -9.397521535361236 -9.357071758070212
-10.402893485477591 -10.230555391526993 -10.13938491550657 -9.7386774040748 -9.679136881470395 -9.554233517982095 -9.493077699942837 -9.47572392227659 -9.424992139566614 -9.366404948513884
-10.124720810033113 -10.110232525662076 -10.05434710049132 -10.021027541052637 -9.808759139010819 -9.681255164527705 -9.652075735725024 -9.597768140281579 -9.481413635927419 -9.430780289540053
-9.924900621104717 -9.896587153391895 -9.870641258920068 -9.828197642479354 -9.72979356006665 -9.72121020420352 -9.650417877056878 -9.596528566544979 -9.49866246777694 -9.408889149578718
-10.104514524919933 -10.050584779029572 -10.030720321507921 -9.875419309647764 -9.68348379527604 -9.625075168513906 -9.614866933106104 -9.501668214743491 -9.480601553133749 -9.427210240973602
-10.355790893367505 -10.252228328802317 -9.796938188064114 -9.701366894794202 -9.635536791080732 -9.555175445571756 -9.456041360378 -9.4372407761115 -9.403019521967634 -9.272284687829153
-10.594718517969744 -10.251918702866842 -10.182752265698205 -9.859978186723211 -9.735551069618372 -9.368117735285603 -9.369207086045815 -9.30003168360499 -9.286111310149902 -9.24890499102333
-10.383810009112858 -10.24337881828438 -9.816349868514962 -9.752622946648836 -9.616223701024179 -9.45799277255877 -9.450737884359548 -9.435481607083387 -9.389053949603204 -9.208862064300604
-10.073474703958526 -10.056893267885298 -10.038608877845002 -9.800845560249181 -9.69550967968271 -9.626726625240314 -9.552981329489166 -9.443527565166614 -9.422113202994705 -9.378245526985763
-9.866779714235417 -9.862441802099337 -9.817609797402953 -9.817508881354113 -9.659007627845305 -9.604964710569963 -9.585067635192202 -9.496368600388188 -9.357663271503592 -9.316280145964791
-10.073474703958524 -10.038608877844801 -10.056893267885334 -9.800845560249138 -9.695509679682672 -9.626726625240256 -9.552981329489151 -9.443527565166667 -9.422113202994664 -9.378245526985706
-10.383810009112777 -10.243378818284327 -9.81634986851492 -9.752622946648723 -9.616223701024193 -9.457992772558855 -9.4354816070834 -9.45073788435952 -9.389053949603236 -9.208862064300646
-10.594718517969733 -10.251918702866963 -10.182752265698342 -9.85997818672329 -9.73555106961834 -9.369207086045993 -9.368117735285553 -9.300031683605061 -9.286111310150076 -9.248904991023476
-10.355790893367505 -10.252228328802282 -9.79693818806404 -9.701366894794097 -9.635536791080797 -9.555175445571788 -9.45604136037804 -9.437240776111436 -9.40301952196768 -9.272284687829147
-10.104514524919937 -10.050584779029638 -10.030720321508008 -9.875419309647873 -9.68348379527595 -9.625075168513908 -9.614866933106173 -9.501668214743598 -9.480601553133798 -9.427210240973649
-9.924900621104724 -9.89658715339188 -9.870641258920134 -9.828197642479408 -9.72979356006666 -9.72121020420353 -9.650417877056904 -9.59652856654517 -9.498662467777052 -9.408889149578735
-10.124720810033045 -10.110232525662083 -10.05434710049125 -10.021027541052508 -9.80875913901081 -9.681255164527663 -9.65207573572502 -9.597768140281554 -9.481413635927403 -9.43078028953998
-10.402893485477469 -10.230555391527085 -10.139384915506641 -9.73867740407491 -9.679136881470441 -9.554233517982011 -9.493077699942829 -9.475723922276604 -9.424992139566632 -9.366404948513908
