-9.437298557892728 -9.396501392082849 -8.988907637519693
-9.149122481767899 -9.072064343178006 -8.763801657497003
-8.852967775357056 -8.809168509821188 -8.792553182826529
-8.750309918798385 -8.729021547262318 -8.627124276070296
-8.961652239005872 -8.958048467426975 -8.827259616255237
-9.355373253152651 -8.890129543423766 -8.54643879811984
-9.293051871474827 -8.944550163116816 -8.927258609627259
-8.858130012788859 -8.75366630065018 -8.66345697588249
-8.69329651451282 -8.687932894691379 -8.629016982644986
-8.858130012788939 -8.753666300650242 -8.663456975882458
-9.293051871474772 -8.944550163116816 -8.927258609627259
-9.355373253152605 -8.890129543423736 -8.54643879811992
-8.961652239005875 -8.958048467426977 -8.827259616255246
-8.750309918798399 -8.729021547262295 -8.627124276070312
-8.852967775357056 -8.80916850982124 -8.792553182826506
-9.14912248176794 -9.07206434317799 -8.763801657497003
