-5.849352088157247 -5.774342184902657 -5.040749434851327
-5.407913802646585 -5.279652212079614 -4.800991229095753
-5.179039569948542 -5.022280432556535 -4.796560877855104
-5.702079679169463 -4.66694512975887 -4.230295901386401
-5.587392344679237 -4.860871892995456 -4.714829526948856
-4.871965219872765 -4.759432694419018 -4.593867209482738
-5.587392344679243 -4.86087189299545 -4.714829526948852
-5.702079679169484 -4.666945129758879 -4.230295901386395
-5.179039569948572 -5.022280432556544 -4.796560877855121
-5.4079138026466 -5.279652212079652 -4.8009912290957555
