-14.415631532532803 -14.227120824568704 -14.130490495160803
-13.995356213548925 -13.825773182373027 -13.708732794944858
-13.614746303865141 -13.599904562815343 -13.477652280385398
-13.324612695607675 -13.26304029006883 -13.224526577132448
-13.208399707053331 -13.13111814340091 -13.038254602215712
-13.32461269560755 -13.224526577132053 -13.209906471706484
-13.614746303865182 -13.477652280385328 -13.473000889240952
-13.995356213549183 -13.82577318237326 -13.330234594208518
-14.227120824568765 -13.686695103151903 -13.686425541760919
-13.995356213549174 -13.825773182373307 -13.31297314179021
-13.614746303865138 -13.477652280385387 -13.452607379437254
-13.324612695607657 -13.224526577131938 -13.209906471706017
-13.208399707053305 -13.131118143400823 -12.975379587119013
-13.32461269560755 -13.224526577131845 -13.20990647170612
-13.614746303865209 -13.47765228038538 -13.452607379437211
-13.995356213549108 -13.825773182373235 -13.312973141790291
-14.227120824568757 -13.686695103151933 -13.68642554176099
-13.995356213549206 -13.825773182373357 -13.330234594208449
-13.614746303865198 -13.477652280385055 -13.473000889240627
-13.324612695607508 -13.224526577132211 -13.209906471706558
-13.20839970705323 -13.131118143400867 -13.038254602215776
-13.324612695607666 -13.263040290068842 -13.224526577132512
-13.614746303865187 -13.599904562815164 -13.477652280385376
-13.995356213548956 -13.825773182373046 -13.708732794944837