-7.104897989941966 -6.909858939547092 -6.442425280568346
-6.697243698090478 -6.495836114400091 -6.269828086909805
-6.357169606106392 -6.193268832854377 -6.167169399580331
-6.641161864687272 -6.300466656121869 -5.8602643964268974
-6.990102486272751 -6.173885677983972 -6.095380102128072
-6.654841325586632 -6.281590817297234 -5.799287533647808
-6.151713402265273 -6.149399943421141 -6.115071654135316
-6.654841325586604 -6.281590817297216 -5.799287533647808
-6.990102486272733 -6.173885677983976 -6.095380102128096
-6.641161864687289 -6.300466656121894 -5.860264396426847
-6.357169606106423 -6.193268832854347 -6.167169399580309
-6.697243698090409 -6.4958361144000545 -6.269828086909788
