-11.834185390241691 -11.77640130801527 -11.540921790605058 -11.452866088392545 -11.110931315401922 -11.020241960362231 -10.781172242839208 -10.711491055764785 -10.71201472753709 -10.672128240236852
-11.611360383600704 -11.53837155493681 -11.257131935152465 -11.101597474824414 -10.945240035437376 -10.908885969849557 -10.815537034713515 -10.810701789550174 -10.664001761147597 -10.657095077275155
-11.373696296019519 -11.358595975017924 -11.335125726906183 -11.318683122603407 -11.000105100265731 -10.967525555832424 -10.893057849697684 -10.83086898026519 -10.773286845031276 -10.741411277911155
-11.132841822722026 -11.114283774082807 -11.083267952916877 -11.064590020138175 -11.015088701258255 -10.960142324793853 -10.925962966594897 -10.85685923459297 -10.845387003742305 -10.756370522669428
-11.233406200595198 -11.182420300645564 -11.171673401404218 -11.116818706593413 -11.016653913770787 -10.953276839860965 -10.910301035263096 -10.809281738324628 -10.78269425907632 -10.771437680538728
-11.432192308840724 -11.359630111371418 -11.138853274589419 -10.977507793582705 -10.964005840807568 -10.90351312593605 -10.709479476149136 -10.701917592646025 -10.691373692289288 -10.653212201746111
-11.694461575551562 -11.509201862072697 -11.501809691999867 -11.078175138554743 -10.904428304260797 -10.868374027543378 -10.799582139264302 -10.641521844882675 -10.62174102218498 -10.617763901733358
-11.772134353519155 -11.470762361908912 -11.113741093009047 -11.004215365762628 -10.965407906866517 -10.886219124079995 -10.769328800193263 -10.702010101855523 -10.687535713030538 -10.535302538428336
-11.440819623844263 -11.484414011934621 -11.48841034424627 -11.146734748890626 -10.912286816684954 -10.817298016680851 -10.742708194416643 -10.723688147544344 -10.704913065863018 -10.664738197732932
-11.280057372170196 -11.215823491489834 -11.069445559562663 -11.033572406331903 -10.978449611730898 -10.767601379638842 -10.761085825585049 -10.707462637667804 -10.675710683007242 -10.627539005279894
-11.07902530989589 -11.0798908735432 -11.083122046458849 -11.083159969862415 -10.984614242120884 -10.974342187825856 -10.862016798421603 -10.861261508285779 -10.83487154036237 -10.76126726399354
-11.28005737217044 -11.215823491490118 -11.069445559562677 -11.03357240633182 -10.978449611730781 -10.767601379638757 -10.761085825584933 -10.707462637667907 -10.67571068300752 -10.62753900527996
-11.440819623844261 -11.484414011934689 -11.488410344246317 -11.14673474889063 -10.912286816684919 -10.81729801668074 -10.742708194416673 -10.72368814754434 -10.704913065862968 -10.664738197732914
-11.772134353519142 -11.470762361908886 -11.113741093008997 -11.004215365762695 -10.965407906866636 -10.886219124080174 -10.769328800193508 -10.702010101855667 -10.687535713030545 -10.53530253842837
-11.694461575551555 -11.50920186207272 -11.50180969199986 -11.078175138554709 -10.904428304260934 -10.868374027543451 -10.799582139264254 -10.641521844882767 -10.621741022184871 -10.617763901733365
-11.432192308840806 -11.359630111371452 -11.138853274589367 -10.977507793582577 -10.964005840807562 -10.90351312593597 -10.70947947614903 -10.701917592646033 -10.691373692289336 -10.653212201745966
-11.233406200595084 -11.182420300645576 -11.17167340140415 -11.116818706593392 -11.016653913770803 -10.953276839861047 -10.91030103526321 -10.809281738324808 -10.78269425907628 -10.771437680538678
-11.132841822721943 -11.1142837740826 -11.083267952916879 -11.064590020138148 -11.01508870125823 -10.960142324793784 -10.925962966594723 -10.856859234592823 -10.84538700374224 -10.7563705226695
-11.373696296019489 -11.358595975017996 -11.335125726906226 -11.31868312260341 -11.00010510026571 -10.967525555832415 -10.893057849697632 -10.830868980265183 -10.773286845031297 -10.741411277911068
-11.61136038360067 -11.538371554936822 -11.257131935152511 -11.101597474824734 -10.945240035437466 -10.908885969849427 -10.815537034713477 -10.810701789550164 -10.66400176114781 -10.657095077275185
