-6.477103666148327 -6.359551038941504 -5.65165667014515
-6.037546487974271 -5.951644530874417 -5.381552927756547
-5.713154184000075 -5.632475285191626 -5.455976663703748
-6.203357986875312 -5.532506040040891 -5.37812849940164
-6.343782211246986 -5.4727398328955505 -5.020974592288618
-5.744238845238146 -5.570670979522014 -5.457235512160723
-5.744238845238176 -5.570670979522068 -5.457235512160744
-6.343782211246965 -5.4727398328955275 -5.020974592288669
-6.203357986875319 -5.532506040040873 -5.37812849940161
-5.713154184000036 -5.632475285191629 -5.455976663703787
-6.0375464879742475 -5.951644530874441 -5.381552927756547
