-11.166888498895235 -10.989341327336735 -10.798905505726252 -10.484002877678588 -10.204289348653395 -10.03174965721405 -9.958254744142673 -9.82796464134747
-10.856254489955841 -10.668102549524491 -10.478382709693564 -10.102621290925264 -9.99536346772712 -9.9928877223759 -9.879471986992305 -9.878193105255004
-10.570621444082906 -10.49598174753183 -10.435926903301917 -10.369356904802268 -10.293390572012887 -10.102825822804189 -10.056507753646496 -10.034209198566131
-10.488053319866975 -10.431769960570943 -10.34991594485611 -10.233094004704723 -10.152877657086133 -10.035408545744826 -9.9145380166322 -9.836952382309946
-10.761386973567722 -10.67485058533061 -10.237768620828227 -10.078213297692823 -10.028896827538277 -9.895578161582272 -9.820595717599467 -9.80400456687892
-11.078132084975381 -10.539475788112608 -10.263682159867205 -10.168064453768892 -9.970969527089819 -9.713496081141132 -9.697391784759684 -9.6371082803653
-10.862793292056923 -10.712155531060318 -10.492237917377166 -10.094447999989931 -10.024349989595391 -9.927089726511435 -9.867629691583126 -9.830164487552851
-10.517921441209822 -10.42511638555113 -10.296347081867202 -10.149791812863079 -10.031532623781553 -9.945435930066152 -9.828434375535299 -9.719894108862801
-10.70010237679272 -10.456501423946909 -10.304581284675518 -10.102337527226888 -10.002195511268571 -9.88172871871529 -9.837008365324742 -9.803016932607923
-10.309602575149565 -10.303991122490503 -9.87145041011127 -9.867926448336862 -9.860567060890494 -9.841545520642207 -9.759214809763064 -9.707222170385306
-10.700102376792753 -10.456501423947005 -10.3045812846755 -10.102337527226895 -10.002195511268562 -9.881728718715332 -9.83700836532466 -9.803016932607903
-10.517921441209829 -10.425116385551142 -10.296347081867236 -10.149791812863038 -10.031532623781551 -9.945435930066187 -9.828434375535293 -9.719894108862814
-10.862793292056834 -10.712155531060322 -10.492237917377219 -10.094447999989928 -10.02434998959547 -9.927089726511442 -9.867629691583062 -9.830164487552757
-11.078132084975326 -10.539475788112487 -10.263682159867216 -10.16806445376881 -9.97096952708978 -9.713496081141114 -9.697391784759722 -9.637108280365355
-10.761386973567646 -10.674850585330558 -10.237768620828199 -10.07821329769272 -10.028896827538246 -9.895578161582344 -9.82059571759937 -9.804004566878863
-10.488053319867044 -10.431769960570874 -10.349915944856114 -10.233094004704824 -10.152877657086055 -10.035408545744637 -9.914538016632136 -9.83695238230987
-10.570621444082963 -10.495981747531836 -10.435926903301967 -10.369356904802316 -10.29339057201296 -10.102825822804245 -10.056507753646526 -10.034209198566211
-10.856254489955928 -10.668102549524452 -10.4783827096936 -10.102621290925375 -9.995363467727143 -9.992887722376109 -9.879471986992321 -9.87819310525497
