-6.185459996546406 -5.9367274665595575 -5.400760206317053 -4.5974804384591845 -4.405708028798206 -4.048700999402303 -3.8374192131411236 -3.738351729774907
-5.673219161642996 -5.236742745761087 -5.087393920821557 -4.012359962010995 -3.8232859361518003 -3.8087809899423575 -3.6013232759077756 -3.5928069151286866
-5.732488826142554 -5.193847031650333 -4.952278149005906 -4.600292890393368 -4.317094566720739 -4.000435218602858 -3.8082649711174508 -3.699846347272621
-6.00265250321135 -4.621348150066491 -4.397793423891791 -4.38935612377642 -4.06409769101286 -3.9195963123405457 -3.6490827276055415 -3.4778044920471474
-5.394461135772734 -5.315734415988886 -5.03512012606553 -4.2268003857720355 -4.208644355410886 -4.023093032095041 -3.6867755194814475 -3.6386694873400427
-4.869004617991274 -4.621278919507934 -4.441900144129024 -4.302421098259042 -4.2702300988312025 -4.018814873642617 -3.761064033058745 -3.7196406259010524
-5.39446113577271 -5.31573441598888 -5.035120126065519 -4.226800385772014 -4.208644355410863 -4.023093032095049 -3.686775519481463 -3.6386694873400507
-6.002652503211367 -4.621348150066514 -4.3977934238917875 -4.3893561237764125 -4.064097691012866 -3.9195963123405373 -3.649082727605521 -3.477804492047126
-5.732488826142511 -5.193847031650343 -4.952278149005854 -4.600292890393391 -4.31709456672074 -4.000435218602845 -3.808264971117442 -3.699846347272631
-5.673219161642985 -5.236742745761104 -5.087393920821542 -4.012359962010993 -3.8232859361518026 -3.8087809899423504 -3.601323275907771 -3.5928069151286994
