-10.812075350182116 -10.771406116586416 -10.279936627427439 -10.1526962779557
-10.244522414666331 -10.20772946073334 -9.759632726433233 -9.62169562143837
-9.773035174027784 -9.768001844606802 -9.749460216183342 -9.721619907020004
-9.57147714265053 -9.512537231108613 -9.462932163355072 -9.387201824066521
-9.768077731591868 -9.627965276559323 -9.620670907544369 -9.517927816991316
-10.032750817803317 -10.012244145948632 -9.555605323201776 -9.368142839735592
-10.52757440084193 -9.995931527578556 -9.761663516064532 -9.528081173195764
-10.489052609816186 -10.03326551830794 -9.514683651977489 -9.325224223371254
-10.018228395090748 -9.911908426442475 -9.603946559193151 -9.42111228268751
-9.807006248641324 -9.629558912930605 -9.481364406732029 -9.472132941950946
-10.018228395090752 -9.91190842644247 -9.603946559193156 -9.421112282687561
-10.489052609816238 -10.03326551830801 -9.514683651977515 -9.32522422337131
-10.527574400841953 -9.995931527578517 -9.761663516064539 -9.52808117319573
-10.032750817803366 -10.012244145948648 -9.555605323201693 -9.368142839735548
-9.768077731591948 -9.627965276559356 -9.620670907544397 -9.517927816991312
-9.571477142650716 -9.512537231108661 -9.462932163355111 -9.387201824066576
-9.77303517402779 -9.768001844606774 -9.749460216183367 -9.721619907020028
-10.24452241466631 -10.207729460733347 -9.75963272643325 -9.621695621438308
