-7.216762028285928 -7.238860191742841 -6.3813151912030985 -6.349878239196731 -5.624538183228328 -5.525287674128508 -5.1313035837111185 -5.06033115149235 -4.84241647819285 -4.7063579548135035
-6.384432996972893 -6.359877313651589 -5.704223022330621 -5.484073285128949 -4.892813941840492 -4.993070341580366 -4.973051713152764 -4.966781659669997 -4.594319248670184 -4.51045463916726
-5.955079046461898 -5.816550308743049 -5.826715713714668 -5.7153368890434635 -5.48970329351156 -5.242999320446863 -5.162620497104431 -4.867238414063593 -4.822695368404537 -4.685118999429953
-6.058624843107933 -6.0279740996691125 -5.5962078097667725 -5.297717466917751 -5.2336274376073275 -5.118227846214541 -5.110254111536672 -4.895824002431761 -4.716407638573307 -4.675671449633058
-6.75256880728894 -6.080630227625879 -5.625246364810601 -5.440083634048255 -5.161216793027439 -4.946352602735416 -4.837344377136568 -4.7872059746185895 -4.697535812807343 -4.6826189092315955
-6.810200693882376 -6.113707943047397 -5.566932340150176 -5.185758885593966 -5.135056225371664 -5.023549691007095 -5.011697595636754 -4.826891379247654 -4.764845318414815 -4.592735222703885
-6.375565186583055 -6.205018296313935 -5.691201901229289 -5.685762259257398 -5.275394175873459 -5.217003896922286 -5.066683296463144 -4.953459891640145 -4.798655337296306 -4.57808616546884
-6.81020069388236 -6.113707943047423 -5.566932340150184 -5.18575888559398 -5.135056225371687 -5.011697595636765 -5.023549691007109 -4.826891379247624 -4.764845318414814 -4.5927352227038725
-6.752568807288973 -6.08063022762591 -5.625246364810625 -5.440083634048324 -5.161216793027426 -4.9463526027353915 -4.83734437713656 -4.787205974618593 -4.697535812807306 -4.682618909231591
-6.058624843107947 -6.027974099669135 -5.596207809766791 -5.297717466917784 -5.233627437607367 -5.118227846214549 -5.1102541115366975 -4.895824002431741 -4.716407638573348 -4.675671449633059
-5.955079046461931 -5.826715713714689 -5.816550308743092 -5.715336889043497 -5.4897032935115915 -5.242999320446897 -5.162620497104428 -4.867238414063637 -4.822695368404578 -4.685118999429963
-6.384432996972913 -6.359877313651577 -5.704223022330626 -5.484073285128986 -4.993070341580409 -4.973051713152734 -4.966781659669974 -4.892813941840443 -4.59431924867019 -4.510454639167248
