-8.494112370168143 -8.36668135901173 -7.8835067645419485 -7.508554049012532 -7.044638246172615 -6.924501601870065 -6.612048847103378 -6.59668565795715 -6.384659218085071 -6.158001516693716
-7.744528974051188 -7.6296160561991675 -7.22719380497323 -6.820024762522468 -6.472532142005047 -6.4507420595588325 -6.384713782408539 -6.352669855804319 -6.101080207497143 -6.040095311544637
-7.229563720453884 -7.196413826623343 -7.15092034089198 -7.104006429382895 -6.869513460476587 -6.563944330801761 -6.529607933361739 -6.392960995073287 -6.307257028852627 -6.252273062236373
-7.113437530991383 -7.055299920051066 -6.900418407046706 -6.84600219241825 -6.712920597498667 -6.55811899639508 -6.395133725656918 -6.357934079648562 -6.2906891779348 -6.194624366289555
-7.577892939913765 -7.451230839965976 -7.116437778563534 -6.881645325748343 -6.524274630113734 -6.469258360324488 -6.321601989725968 -6.265146408374151 -6.2171806963725595 -6.128698196722396
-8.101815193402567 -7.391178737982746 -6.875721628030519 -6.754606294062876 -6.576236642639824 -6.29066419878262 -6.185901816718249 -6.150415651858959 -6.125252495544988 -6.080429872405871
-7.977191812367879 -7.524467728612552 -6.9101493363970405 -6.633027593824573 -6.593556046471441 -6.485919901067039 -6.4816330159550315 -6.405756421869166 -6.262830834717607 -6.21632179324726
-7.604965619142921 -7.356287002194751 -7.13625658492274 -6.9906858254313615 -6.714290244835484 -6.655997939242896 -6.468382157927117 -6.415982599940526 -6.100600126589437 -6.086245838569052
-7.977191812367853 -7.524467728612513 -6.910149336396982 -6.633027593824576 -6.593556046471498 -6.485919901067037 -6.481633015955059 -6.405756421869148 -6.262830834717652 -6.216321793247248
-8.101815193402619 -7.391178737982775 -6.875721628030524 -6.754606294062874 -6.576236642639764 -6.290664198782601 -6.1859018167182445 -6.150415651858952 -6.125252495544951 -6.0804298724058645
-7.577892939913754 -7.451230839965948 -7.11643777856359 -6.8816453257484635 -6.524274630113784 -6.469258360324501 -6.321601989725952 -6.265146408374161 -6.217180696372555 -6.128698196722414
-7.113437530991395 -7.055299920051044 -6.900418407046719 -6.8460021924181795 -6.712920597498697 -6.558118996395119 -6.395133725656959 -6.357934079648586 -6.290689177934838 -6.19462436628955
-7.229563720453902 -7.196413826623361 -7.150920340892035 -7.104006429382926 -6.869513460476654 -6.563944330801804 -6.529607933361705 -6.392960995073238 -6.307257028852635 -6.252273062236404
-7.744528974051201 -7.629616056199159 -7.227193804973159 -6.820024762522433 -6.472532142005026 -6.4507420595588565 -6.384713782408524 -6.352669855804343 -6.101080207497102 -6.040095311544684
