-15.587682103707172 -15.51849305594982 -15.22523342892028
-15.201043261200855 -15.134833070750652 -14.846755735084619
-14.849128010966687 -14.83427336757555 -14.786017713057577
-14.569817648345607 -14.514091173895645 -14.506500841260857
-14.4210861868508 -14.344673870553883 -14.287730934026166
-14.457635021097435 -14.353893340735134 -14.314957465737033
-14.66329853959584 -14.601612519935761 -14.569318459717657
-14.974785373114374 -14.871723205331774 -14.70247798395364
-15.34100580773188 -15.044593265202376 -14.913076998678898
-15.412963309239691 -14.983968722120949 -14.67865544228815
-15.060897767301704 -15.04317544024083 -14.83931932787426
-14.720182600638669 -14.71297707785374 -14.67000156895177
-14.489483321384979 -14.446959860039708 -14.362338660322623
-14.403472700888116 -14.339597435473301 -14.20866207339478
-14.489483321384878 -14.446959860039504 -14.362338660322655
-14.720182600638703 -14.712977077853665 -14.6700015689518
-15.060897767301785 -15.043175440240919 -14.839319327874264
-15.412963309239665 -14.98396872212095 -14.678655442288116
-15.341005807731882 -15.04459326520236 -14.913076998678843
-14.974785373114418 -14.871723205332 -14.70247798395366
-14.66329853959578 -14.601612519935749 -14.569318459717655
-14.457635021097525 -14.35389334073512 -14.314957465737145
-14.421086186850731 -14.344673870553695 -14.28773093402607
-14.569817648345655 -14.514091173895363 -14.50650084126073
-14.849128010966705 -14.834273367575692 -14.786017713057806
-15.201043261200859 -15.134833070750696 -14.846755735084688