-7.238860191742779 -7.216762028285931 -6.381315191203094 -6.34987823919668
-6.3844329969729126 -6.359877313651588 -5.704223022330574 -5.484073285128923
-5.955079046461923 -5.8267157137146715 -5.816550308743077 -5.7153368890434795
-6.058624843107969 -6.027974099669153 -5.596207809766798 -5.297717466917822
-6.752568807288953 -6.080630227625863 -5.6252463648105735 -5.440083634048289
-6.810200693882368 -6.1137079430474 -5.5669323401501325 -5.185758885594033
-6.375565186583025 -6.205018296313868 -5.691201901229269 -5.685762259257373
-6.810200693882372 -6.113707943047411 -5.5669323401501245 -5.185758885594016
-6.752568807288956 -6.080630227625857 -5.6252463648106135 -5.4400836340483
-6.058624843107962 -6.027974099669153 -5.596207809766817 -5.297717466917865
-5.9550790464619245 -5.8267157137146635 -5.816550308743084 -5.715336889043522
-6.384432996972959 -6.35987731365161 -5.704223022330601 -5.484073285128913
