-13.654505397228103 -13.525378764445993 -13.314933518308075
-13.386174213249909 -13.290969706445967 -13.023583338944048
-13.137543942606813 -13.093162970605661 -13.059350848802254
-12.939234761491564 -12.88559728288778 -12.852249067648529
-13.032757082162982 -13.001612740769657 -12.951972714620828
-13.253917745251506 -13.248601066166861 -12.906874767823783
-13.579989500489031 -13.191166397784297 -12.920958984278007
-13.448283743488858 -13.286240806716034 -12.820775011373637
-13.182740909003732 -13.18186148019053 -13.060652450498536
-12.957814582847918 -12.863830868735857 -12.858011421002685
-13.297702588992351 -12.983994658914487 -12.819516418284845
-12.936453470171019 -12.934788693475658 -12.584050766728271
-13.297702588992335 -12.983994658914463 -12.81951641828472
-12.95781458284791 -12.86383086873607 -12.858011421002859
-13.182740909003789 -13.181861480190491 -13.060652450498658
-13.448283743488853 -13.286240806715996 -12.820775011373543
-13.579989500489079 -13.191166397784308 -12.920958984277878
-13.253917745251476 -13.248601066166854 -12.906874767823885
-13.032757082162894 -13.001612740769552 -12.95197271462075
-12.939234761491571 -12.885597282887696 -12.852249067648536
-13.137543942606703 -13.093162970605505 -13.05935084880208
-13.386174213249873 -13.290969706445958 -13.02358333894402
