-14.883850962397903 -14.795480461548602 -14.590613550078503
-14.663180205313859 -14.54017066391506 -14.349682064107157
-14.43805728144409 -14.388302986655608 -14.320960959095379
-14.233909009826785 -14.1482709566217 -14.1174262208812
-14.22416124514262 -14.192317404476565 -14.168640921513152
-14.42747166142645 -14.363476054216617 -14.219529443399644
-14.710372507129902 -14.544749878568265 -14.144841245785829
-14.82307995607652 -14.484087339540253 -14.238326604530315
-14.573863612225907 -14.545498838217993 -14.310956264099978
-14.346868213217371 -14.299726537417977 -14.25587138044636
-14.58154553994437 -14.163969511966588 -14.10543153500728
-14.210872525171018 -14.191748350889377 -14.077570122068455
-14.459391121427347 -14.459152210469 -13.972283813789986
-14.21087252517091 -14.191748350889263 -14.077570122068618
-14.581545539944397 -14.163969511966634 -14.105431535007346
-14.346868213217622 -14.299726537418346 -14.255871380446482
-14.573863612225933 -14.545498838218013 -14.310956264099898
-14.823079956076498 -14.484087339540173 -14.238326604530457
-14.71037250713 -14.544749878568377 -14.144841245785813
-14.42747166142625 -14.363476054216424 -14.21952944339959
-14.224161245142602 -14.192317404476594 -14.168640921513164
-14.233909009826847 -14.148270956621722 -14.11742622088132
-14.438057281443921 -14.388302986655388 -14.320960959095366
-14.663180205313832 -14.540170663915113 -14.349682064107101
