-5.8493520881572545 -5.774342184902674 -5.040749434851373 -4.598987948097238 -4.365522299609261 -4.30484680132029 -3.592638837041499 -3.5645275737449365 -3.4430642516426095 -3.387374447466534
-5.407913802646592 -5.279652212079652 -4.800991229095795 -4.282302548975265 -3.720886155491833 -3.6146687412078515 -3.531911394991816 -3.373464624959393 -3.2851676087385933 -3.0598916676581895
-5.179039569948539 -5.022280432556534 -4.7965608778550735 -4.682064972348061 -4.271356385443659 -4.049656815897412 -3.907824651416977 -3.5533030706275035 -3.337283960742431 -3.344314596573776
-5.702079679169468 -4.666945129758883 -4.230295901386333 -4.092022017057082 -3.935356498488733 -3.765498156744637 -3.8062165818682128 -3.597664809179052 -3.3657384413114113 -3.346353581685106
-5.587392344679261 -4.86087189299547 -4.714829526948856 -4.141890051435091 -4.007247641681013 -3.864336700578037 -3.7802556718769598 -3.630255682111954 -3.612294744120249 -3.462147227170613
-4.871965219872779 -4.759432694418992 -4.593867209482706 -4.470813923438023 -4.137102115816377 -3.873199859866497 -3.7033084022322127 -3.636395531771636 -3.328743553356715 -3.3149877444853324
-5.587392344679254 -4.860871892995459 -4.714829526948877 -4.14189005143512 -4.007247641681029 -3.864336700578055 -3.780255671876947 -3.630255682111956 -3.612294744120251 -3.462147227170623
-5.70207967916948 -4.6669451297589015 -4.230295901386371 -4.092022017057083 -3.9353564984887424 -3.765498156744638 -3.8062165818682123 -3.5976648091790597 -3.3657384413114104 -3.346353581685101
-5.1790395699485465 -5.022280432556515 -4.796560877855065 -4.682064972348027 -4.271356385443654 -4.049656815897413 -3.907824651416954 -3.553303070627505 -3.344314596573766 -3.337283960742426
-5.4079138026465845 -5.279652212079677 -4.800991229095789 -4.282302548975261 -3.7208861554918693 -3.6146687412078546 -3.5319113949918237 -3.3734646249593987 -3.2851676087386315 -3.059891667658212
