-10.832348667134204 -10.582880550089085 -10.444448895161647 -9.878834888304151
-10.27549575144628 -10.060654780902134 -9.894607709623982 -9.423244977622911
-9.81617025724023 -9.767737320067504 -9.663712276632884 -9.580818126045939
-9.61522986498361 -9.506592115506159 -9.400934401403731 -9.386744777435736
-9.816170257240241 -9.663712276632582 -9.626826340777553 -9.580818126045743
-10.275495751446298 -10.06065478090217 -9.46447635988713 -9.423244977622906
-10.582880550089135 -9.87883488830421 -9.877660379050843 -9.57800500358112
-10.27549575144628 -10.06065478090213 -9.423244977622849 -9.360727277403022
-9.81617025724028 -9.663712276632674 -9.580818126045736 -9.563145215797492
-9.615229864983597 -9.506592115506047 -9.30982635791049 -9.306374674179459
-9.8161702572402 -9.663712276632602 -9.580818126045815 -9.56314521579756
-10.275495751446297 -10.060654780902226 -9.423244977622808 -9.360727277403056
-10.582880550089143 -9.878834888304223 -9.877660379050859 -9.5780050035811
-10.275495751446257 -10.060654780902121 -9.46447635988711 -9.423244977622833
-9.816170257240266 -9.663712276632653 -9.626826340777628 -9.580818126045788
-9.615229864983586 -9.50659211550617 -9.400934401403752 -9.386744777435755
-9.816170257240193 -9.767737320067456 -9.663712276632731 -9.580818126045882
-10.275495751446252 -10.060654780902075 -9.89460770962399 -9.423244977623002
