-7.104897989941972 -6.909858939547163 -6.442425280568493 -6.07403107206161 -5.684542914464625 -5.662436633103302 -5.509240168554144 -5.394210629196324 -5.219945685912793 -4.929648602892854
-6.697243698090432 -6.49583611440007 -6.269828086909799 -5.893828483678571 -5.549427790211242 -5.438437513129272 -5.124535444749271 -4.941134183013284 -4.921968024613891 -4.89152467534694
-6.357169606106354 -6.193268832854296 -6.1671693995802865 -6.090713487294959 -5.935043241646937 -5.798335325690082 -5.596793992398545 -5.233864443485828 -5.139713534666671 -4.8535508010928305
-6.641161864687272 -6.300466656121851 -5.860264396426817 -5.666344709191892 -5.417421334819606 -5.321595953128155 -5.278106323810374 -5.234385704278517 -5.104328560085488 -5.095634088069131
-6.9901024862727485 -6.173885677983963 -6.095380102128104 -5.827935832201711 -5.792755110348005 -5.22012895452014 -5.132532654695426 -5.04967052808745 -5.034026413402441 -4.967846757068794
-6.654841325586675 -6.281590817297333 -5.799287533647867 -5.555838853143077 -5.392039808833326 -5.291838197493126 -5.2677115628967925 -5.073914713495283 -5.041588791120501 -4.868609064539705
-6.11507165413538 -6.151713402265262 -6.149399943421123 -5.842915011410614 -5.800872302182612 -5.615323010977806 -5.590952187270512 -5.331961261252744 -5.11213850528536 -5.047022010355422
-6.654841325586657 -6.281590817297283 -5.7992875336478935 -5.555838853143088 -5.392039808833301 -5.291838197493128 -5.267711562896812 -5.0739147134953 -5.041588791120505 -4.868609064539715
-6.990102486272746 -6.173885677983957 -6.095380102128064 -5.7927551103479935 -5.827935832201696 -5.2201289545201135 -5.132532654695408 -5.049670528087448 -5.034026413402454 -4.967846757068822
-6.641161864687311 -6.300466656121896 -5.860264396426863 -5.666344709191825 -5.4174213348196085 -5.3215959531281545 -5.278106323810388 -5.23438570427853 -5.10432856008552 -5.095634088069145
-6.357169606106383 -6.193268832854337 -6.167169399580313 -6.090713487294961 -5.935043241646956 -5.798335325690107 -5.596793992398523 -5.23386444348578 -5.13971353466665 -4.853550801092811
-6.697243698090464 -6.495836114400105 -6.269828086909805 -5.893828483678631 -5.54942779021128 -5.438437513129248 -5.124535444749268 -4.941134183013333 -4.921968024613907 -4.891524675346952
