-6.013781252903774 -5.832627325428776 -5.064347345429329
-5.050985397642197 -4.954453496943328 -4.360648753558804
-4.826609995788548 -4.799494485644733 -4.386087785049906
-5.573629379645176 -4.602313311653324 -3.9650527150456205
-5.401240090553623 -4.687594311795624 -4.414262047772479
-4.881828192576442 -4.4231708099151446 -4.144551961173049
-5.401240090553616 -4.687594311795606 -4.414262047772452
-5.5736293796451815 -4.6023133116533295 -3.965052715045634
-4.826609995788549 -4.79949448564473 -4.3860877850498925
-5.0509853976422106 -4.954453496943331 -4.360648753558816
