-6.105776943055278 -5.876093179934227 -5.213108436022669 -4.780413576023222 -4.164751722019258 -3.9943889477310566 -3.6670319621430614 -3.4850428167931042 -3.18786851314223 -3.1350140499393757
-5.090313022449432 -4.889885350011924 -4.171586200428252 -4.139784473237866 -3.6080813913017975 -3.4019178195013238 -3.3150710545064626 -3.200479699705713 -2.908872821899038 -2.847887052661633
-4.700220898058365 -4.492319234426958 -4.494442143337334 -4.320568504368394 -3.9784993146441363 -3.909372306048376 -3.5275716794208902 -3.3241818820469207 -3.2441795563733646 -2.96014408910313
-5.297742252780675 -4.73296608521173 -4.022823016294015 -3.7493680781080103 -3.678182981899596 -3.52140782308857 -3.4344114661040472 -3.276448483007564 -3.231849498816952 -2.8815114605138
-5.599756292053884 -4.624599700807376 -4.172373201591976 -3.8661097089106518 -3.8055087369194402 -3.622245890405265 -3.5448515028528678 -3.3344393963522503 -3.1641609038316605 -3.0322325822439864
-5.096554177230001 -5.076871421601029 -4.406079607458855 -4.041946513435451 -3.814931911267783 -3.581669956753249 -3.460862045443119 -3.2261721696402383 -3.0842122954913243 -3.046921508177955
-5.599756292053893 -4.624599700807343 -4.17237320159198 -3.866109708910662 -3.805508736919438 -3.6222458904052637 -3.544851502852879 -3.3344393963522307 -3.16416090383166 -3.032232582243994
-5.297742252780674 -4.73296608521172 -4.022823016293978 -3.7493680781080054 -3.678182981899599 -3.5214078230886052 -3.434411466104068 -3.2764484830075697 -3.231849498816957 -2.881511460513802
-4.700220898058332 -4.494442143337319 -4.492319234426977 -4.320568504368394 -3.97849931464415 -3.9093723060483674 -3.5275716794209075 -3.3241818820469073 -3.244179556373352 -2.9601440891031445
-5.090313022449404 -4.889885350011903 -4.1715862004282505 -4.139784473237841 -3.6080813913017846 -3.4019178195013016 -3.315071054506443 -3.2004796997057112 -2.9088728218990445 -2.8478870526616262
